robot_id,keyframe_id,lidar_timestamp_ns,x,y,z,displacement_m,local_speed_mps,cumulative_distance_m,stationary_or_near_stationary,within_5m_of_initial
robot1,0,1722894200663681576,477144.8756167525,4428490.760536108,1630.5452956689833,0.0,0.0,0.0,True,True
robot1,1,1722894201197585043,477144.875668022,4428490.757509209,1630.5468550136625,0.003027333120313827,0.0056701867663016955,0.003027333120313827,True,True
robot1,2,1722894201697400540,477144.87629830814,4428490.758715391,1630.5456069551403,0.001360931837778245,0.0027228686100124327,0.004388264958092072,True,True
robot1,3,1722894202196871343,477144.8839703769,4428490.757965552,1630.5448090630773,0.007708624947786514,0.01543358019230246,0.012096889905878587,True,True
robot1,4,1722894202697336979,477144.876809471,4428490.758414988,1630.5461542095152,0.007174995958443594,0.014336640734257599,0.01927188586432218,True,True
robot1,5,1722894203195519774,477144.8732844983,4428490.755543885,1630.547620812965,0.004546280720143977,0.009125732837219663,0.023818166584466158,True,True
robot1,6,1722894203696211103,477144.8775324497,4428490.759646712,1630.545491759499,0.005905783709019805,0.01179525660977757,0.029723950293485964,True,True
robot1,7,1722894204197531847,477144.8778605879,4428490.7566486895,1630.545209441428,0.0030159265162645185,0.006015960802092905,0.03273987680975048,True,True
robot1,8,1722894204697364961,477144.8752517752,4428490.75889064,1630.546171085096,0.0034398031476909913,0.006881903378456991,0.03617967995744147,True,True
robot1,9,1722894205199186446,477144.8776156664,4428490.7559716925,1630.5455384037316,0.003756093204220758,0.007484922137559474,0.03993577316166223,True,True
robot1,10,1722894205697212463,477144.87952111656,4428490.759057573,1630.5460430348237,0.003626761491142748,0.007282271458985775,0.043562534652804984,True,True
robot1,11,1722894206197671242,477144.8785702075,4428490.758393154,1630.5451546640877,0.0011600350325482376,0.0023179435033115537,0.04472256968535322,True,True
robot1,12,1722894206697153144,477144.8738021414,4428490.755977223,1630.5474272798413,0.005345201239942861,0.010701491013273785,0.05006777092529608,True,True
robot1,13,1722894207197670642,477144.8781925021,4428490.757443959,1630.5448082871203,0.004628885599717935,0.009248197340971034,0.054696656525014015,True,True
robot1,14,1722894207697251666,477144.8754008911,4428490.755733695,1630.5453619766472,0.0032738501354243796,0.0065531936802391425,0.057970506660438396,True,True
robot1,15,1722894208198935722,477144.8759541016,4428490.759688211,1630.54658821986,0.00399302354219429,0.007959237366848119,0.061963530202632684,True,True
robot1,16,1722894208696304563,477144.8769858436,4428490.755627243,1630.5459397944192,0.0041899822388711165,0.00842429628286542,0.0661535124415038,True,True
robot1,17,1722894209196380297,477144.8808730391,4428490.761326437,1630.5448807037178,0.0068986304030137745,0.013795168986389453,0.07305214284451758,True,True
robot1,18,1722894209697554814,477144.8758277474,4428490.75602199,1630.545366097995,0.007320663916534973,0.014607024361038298,0.08037280676105256,True,True
robot1,19,1722894210197814137,477144.8749749857,4428490.760186816,1630.5470579071718,0.004251231746836831,0.008498054712847295,0.0846240385078894,True,True
robot1,20,1722894210697850726,477144.8787130577,4428490.760553229,1630.5462232983575,0.003755987327758025,0.00751142306976893,0.08838002583564743,True,True
robot1,21,1722894211196974431,477144.8735474472,4428490.760132894,1630.5453661861466,0.0051826839911425955,0.010383568856191976,0.09356270982679002,True,True
robot1,22,1722894211695751856,477144.87833129393,4428490.7579929,1630.545069230693,0.0052406835053760295,0.010507054069302567,0.09880339333216605,True,True
robot1,23,1722894212195677732,477144.8755831824,4428490.75688013,1630.5460582963449,0.0029648566288225735,0.005930592742939038,0.10176824996098863,True,True
robot1,24,1722894212696402124,477144.8777981759,4428490.758434321,1630.545196116631,0.0027058651720426176,0.0054039020824587485,0.10447411513303125,True,True
robot1,25,1722894213200889402,477144.87548541854,4428490.75826145,1630.5450731367418,0.0023192091481951953,0.004597160836698626,0.10679332428122644,True,True
robot1,26,1722894213695645725,477144.8791000944,4428490.7556202775,1630.545968434213,0.004476792569924088,0.009048477241118817,0.11127011685115053,True,True
robot1,27,1722894214198057435,477144.8757772734,4428490.76044011,1630.5467529405587,0.005854223007501804,0.011652244816274752,0.11712433985865234,True,True
robot1,28,1722894214698386024,477144.8761984464,4428490.759157714,1630.5457137543904,0.001349787267972962,0.0026978018599724887,0.1184741271266253,True,True
robot1,29,1722894215198754310,477144.8802158017,4428490.755365198,1630.544382362003,0.005524701636350624,0.011041269021755864,0.12399882876297592,True,True
robot1,30,1722894215696171573,477144.8782409162,4428490.759451604,1630.5471523739295,0.004538600467935464,0.009124333381934205,0.12853742923091138,True,True
robot1,31,1722894216196345098,477144.8756608978,4428490.754877753,1630.5457527846754,0.005251344139262955,0.010499043667267513,0.13378877337017434,True,True
robot1,32,1722894216697771530,477144.8781384398,4428490.756613942,1630.545628325686,0.0030253210246809128,0.006033429178394754,0.13681409439485526,True,True
robot1,33,1722894217199173432,477144.8773075116,4428490.759215756,1630.5465791287486,0.0027312781183955995,0.005447283130784095,0.13954537251325086,True,True
robot1,34,1722894217697921308,477144.8750959389,4428490.757933041,1630.545907553411,0.002556640767985231,0.005126119126021094,0.1421020132812361,True,True
robot1,35,1722894218197218332,477144.8735803304,4428490.757938662,1630.544758520676,0.001515618935372991,0.003035504928417039,0.1436176322166091,True,True
robot1,36,1722894218698093204,477144.8752204956,4428490.757638296,1630.5452230137223,0.001667441572560458,0.0033290573202092414,0.14528507378916955,True,True
robot1,37,1722894219197361992,477144.880995476,4428490.760064009,1630.5465905694052,0.006263743239354132,0.01254584024508854,0.15154881702852369,True,True
robot1,38,1722894219697804388,477144.8748329107,4428490.756213241,1630.546089087915,0.007266747557479638,0.014520651120900062,0.15881556458600332,True,True
robot1,39,1722894220196624969,477144.8795495206,4428490.758643805,1630.545216155579,0.005306038942374964,0.010637164963755521,0.1641216035283783,True,True
robot1,40,1722894220698648480,477144.8760272879,4428490.759029696,1630.545857153982,0.0035433084579072423,0.00705805020717415,0.16766491198628553,True,True
robot1,41,1722894221197896386,477144.8789854343,4428490.757001088,1630.5464171629365,0.0035869038904983936,0.007184616470574205,0.17125181587678392,True,True
robot1,42,1722894221700990229,477144.88073548174,4428490.7582671065,1630.5452631194348,0.0021599696376707195,0.004293374284005923,0.17341178551445463,True,True
robot1,43,1722894222198427342,477144.87711932015,4428490.756905802,1630.54705513877,0.0038639067836259595,0.007767626713626033,0.1772756922980806,True,True
robot1,44,1722894222696740344,477144.8750362994,4428490.759102572,1630.545627455895,0.003027337871581252,0.006075173986077411,0.18030303016966184,True,True
robot1,45,1722894223204851894,477144.8798553954,4428490.760138399,1630.546653588951,0.004929160612728051,0.00970094327098947,0.1852321907823899,True,True
robot1,46,1722894223695591024,477144.8766391918,4428490.757945382,1630.5454124381315,0.003892722545247266,0.007932366686644614,0.18912491332763717,True,True
robot1,47,1722894224197951119,477144.877322926,4428490.755688214,1630.546359441712,0.0023584531265653953,0.004694743832883927,0.19148336645420258,True,True
robot1,48,1722894224696367290,477144.8763732849,4428490.759258252,1630.546457052919,0.0036941831028597352,0.00741184772555618,0.19517754955706232,True,True
robot1,49,1722894225196954182,477144.8783350142,4428490.757639285,1630.5454927346032,0.0025435082667992757,0.0050810539358773586,0.1977210578238616,True,True
robot1,50,1722894225697015090,477144.8795741211,4428490.756391489,1630.5467731842905,0.0017585167831999978,0.0035166042934149594,0.1994795746070616,True,True
robot1,51,1722894226197267109,477144.8778713695,4428490.759071273,1630.545898652861,0.003174996779567247,0.006346791642650651,0.20265457138662885,True,True
robot1,52,1722894226698319092,477144.8742747251,4428490.757713001,1630.5464020373176,0.0038445744228260297,0.007673006332406202,0.2064991458094549,True,True
robot1,53,1722894227197737180,477144.8740593797,4428490.756724555,1630.5467789113318,0.0010116320918360428,0.002025621925562181,0.20751077790129094,True,True
robot1,54,1722894227697304113,477144.8758804171,4428490.759796146,1630.5456728461045,0.0035708332661650855,0.007147859531582913,0.21108161116745602,True,True
robot1,55,1722894228195789366,477144.8781189878,4428490.758836864,1630.5456283696085,0.0024354510775983188,0.0048857026412270806,0.21351706224505435,True,True
robot1,56,1722894228695302805,477144.8761099197,4428490.756637856,1630.5467481878147,0.0029785881312380065,0.005962976734992733,0.21649565037629234,True,True
robot1,57,1722894229195961480,477144.8765276716,4428490.755927837,1630.545254740866,0.0008237982177073472,0.0016454285815010593,0.21731944859399968,True,True
robot1,58,1722894229697881165,477144.8783003258,4428490.7589817615,1630.5469158577432,0.0035311124709662273,0.007035219974816446,0.22085056106496592,True,True
robot1,59,1722894230197955361,477144.87727442256,4428490.757452188,1630.545903434613,0.001841757991951163,0.003682968056983448,0.22269231905691708,True,True
robot1,60,1722894230697044794,477144.8743580217,4428490.756999203,1630.54577224095,0.0029513707574069423,0.0059135102600852175,0.22564368981432403,True,True
robot1,61,1722894231197673364,477144.874962528,4428490.756711214,1630.5463610793292,0.0006696010819316064,0.0013375203395912943,0.22631329089625565,True,True
robot1,62,1722894231697203695,477144.87684646907,4428490.757464539,1630.5463649710257,0.0020289734103000703,0.004061764253644543,0.22834226430655571,True,True
robot1,63,1722894232196847663,477144.8774760668,4428490.758681833,1630.5463542298255,0.0013704732475751152,0.0027428992141361242,0.22971273755413082,True,True
robot1,64,1722894232696287131,477144.8765184588,4428490.757646877,1630.5453525198968,0.001410016289814458,0.002823197508705572,0.2311227538439453,True,True
robot1,65,1722894233197404269,477144.8773873895,4428490.758621549,1630.546006982457,0.0013057663754132448,0.0026057116377060994,0.23242852021935853,True,True
robot1,66,1722894233698700099,477144.8763687971,4428490.758908983,1630.5455834835416,0.0010583708279485577,0.002111270067373168,0.23348689104730708,True,True
robot1,67,1722894234196144257,477144.8779268946,4428490.757984311,1630.5449559138492,0.0018118184473935566,0.00364225324329925,0.23529870949470064,True,True
robot1,68,1722894234695828411,477144.8785567976,4428490.75807931,1630.5466973846287,0.0006370263091488674,0.001274858085408925,0.2359357358038495,True,True
robot1,69,1722894235199736509,477144.8782038012,4428490.759163606,1630.5452388887795,0.0011403088638987692,0.00226292995513037,0.23707604466774826,True,True
robot1,70,1722894235701134409,477144.8762776023,4428490.756821982,1630.5466868072613,0.003032069753849398,0.006047233280242673,0.24010811442159766,True,True
robot1,71,1722894236197655930,477144.8751688144,4428490.756637798,1630.5459024431846,0.001123981459541141,0.0022637116838198556,0.2412320958811388,True,True
robot1,72,1722894236703721822,477144.8782889472,4428490.756412766,1630.5455449301928,0.0031282372379513868,0.006181482638737532,0.2443603331190902,True,True
robot1,73,1722894237197369255,477144.87466086977,4428490.759255844,1630.546605746812,0.0046093426635233645,0.009337314500106593,0.24896967578261356,True,True
robot1,74,1722894237698418840,477144.8805550211,4428490.7575976085,1630.5467037265537,0.006122970324704427,0.012220289806871046,0.25509264610731797,True,True
robot1,75,1722894238196930261,477144.8768596733,4428490.757912986,1630.5458154154037,0.003708781256996687,0.007439709744109491,0.25880142736431466,True,True
robot1,76,1722894238697669911,477144.8761864789,4428490.7579639,1630.5457625110962,0.0006751170307439355,0.0013482398140974433,0.2594765443950586,True,True
robot1,77,1722894239196129758,477144.8771150956,4428490.758940179,1630.5457154638505,0.001347385855154773,0.00270309824776633,0.26082393025021333,True,True
robot1,78,1722894239698373130,477144.877054543,4428490.757772839,1630.5460219953284,0.0011689096506172566,0.002327377381059728,0.2619928399008306,True,True
robot1,79,1722894240197497810,477144.8745322814,4428490.755479909,1630.5453435998022,0.003408714148519696,0.006829382921551595,0.2654015540493503,True,True
robot1,80,1722894240695642775,477144.8772541076,4428490.759035858,1630.54608225627,0.0044780706407894656,0.00898949043107011,0.26987962469013976,True,True
robot1,81,1722894241197551561,477144.876153355,4428490.757838953,1630.5446085952808,0.001626111312742429,0.003239854292875319,0.2715057360028822,True,True
robot1,82,1722894241695665315,477144.8777952669,4428490.759649361,1630.545753016021,0.0024440640790340373,0.004906639611987507,0.2739498000819162,True,True
robot1,83,1722894242199338872,477144.87651771895,4428490.756071303,1630.5468567064704,0.0037992926156438516,0.007543168363565452,0.2777490926975601,True,True
robot1,84,1722894242698220961,477144.8746455235,4428490.756350712,1630.5453530236234,0.0018929303058713054,0.0037943425328403452,0.2796420230034314,True,True
robot1,85,1722894243196659204,477144.87630041793,4428490.758196842,1630.5465055255113,0.0024792885286090255,0.00497411499980099,0.2821213115320404,True,True
robot1,86,1722894243696329575,477144.8778981774,4428490.756841244,1630.545003397685,0.002095347379590129,0.004193460202724821,0.2842166589116305,True,True
robot1,87,1722894244197859868,477144.87595075567,4428490.755710732,1630.5468164913646,0.002251779038675533,0.004489815570300666,0.286468437950306,True,True
robot1,88,1722894244696149628,477144.8766259679,4428490.75622968,1630.5459100728897,0.0008515975768984567,0.0017090406760907667,0.2873200355272045,True,True
robot1,89,1722894245199666386,477144.8759709421,4428490.760092872,1630.5482869130958,0.003918330323483114,0.007781923956311686,0.2912383658506876,True,True
robot1,90,1722894245697632990,477144.877023535,4428490.759118735,1630.5457593087908,0.0014341880787190604,0.0028800893197688956,0.2926725539294066,True,True
robot1,91,1722894246197734511,477144.8738510543,4428490.756670713,1630.545759213882,0.004007173935649646,0.008012724046359705,0.29667972786505625,True,True
robot1,92,1722894246698110902,477144.8773496157,4428490.758120314,1630.5455991209217,0.003786987490715902,0.007568273024025778,0.30046671535577213,True,True
robot1,93,1722894247195612742,477144.8768877454,4428490.755419604,1630.5455130145167,0.0027399201219339823,0.005507359287779249,0.3032066354777061,True,True
robot1,94,1722894247695613535,477144.87638445833,4428490.756876621,1630.545760015507,0.0015414924190965329,0.0030829804279541876,0.3047481278968026,True,True
robot1,95,1722894248196757748,477144.8770689747,4428490.760989263,1630.5449434692034,0.004169218316502628,0.008319395048878488,0.30891734621330524,True,True
robot1,96,1722894248697419874,477144.8788864631,4428490.757011315,1630.5464210621576,0.004373480689030791,0.008735394171862287,0.31329082690233606,True,True
robot1,97,1722894249197410846,477144.8754262162,4428490.756876352,1630.5462143922584,0.003462877918801076,0.0069258813332699265,0.3167537048211371,True,True
robot1,98,1722894249696243072,477144.8794918234,4428490.757835368,1630.545904500343,0.004177184714443506,0.008373923138684937,0.32093088953558063,True,True
robot1,99,1722894250196167549,477144.87910018594,4428490.756460208,1630.545687208959,0.0014298401464238302,0.002860113983990176,0.32236072968200447,True,True
robot1,100,1722894250695299742,477144.8743728078,4428490.758695232,1630.546716784773,0.00522909487731417,0.010476368458327383,0.3275898245593186,True,True
robot1,101,1722894251196288182,477144.87874903233,4428490.758406061,1630.5458190625802,0.004385768009567929,0.008754229198144576,0.33197559256888654,True,True
robot1,102,1722894251697860890,477144.87608626665,4428490.755471225,1630.546377049555,0.003962774599257103,0.007900699776191095,0.3359383671681436,True,True
robot1,103,1722894252196449230,477144.87587579206,4428490.758124135,1630.5478280620375,0.0026612466773401453,0.005337563178699283,0.33859961384548376,True,True
robot1,104,1722894252696304363,477144.87564148114,4428490.755601685,1630.546024136053,0.0025333100893806075,0.005068089504026359,0.3411329239348644,True,True
robot1,105,1722894253197324514,477144.877904292,4428490.760076288,1630.5470393148487,0.005014218804644826,0.010008017388720834,0.3461471427395092,True,True
robot1,106,1722894253697951473,477144.8780943844,4428490.755559329,1630.547563032783,0.0045209573582918414,0.00903058961916661,0.350668100097801,True,True
robot1,107,1722894254196143509,477144.87945184007,4428490.757325396,1630.5477032416516,0.002227482562127666,0.004471132094830234,0.3528955826599287,True,True
robot1,108,1722894254697322512,477144.8744897862,4428490.758200651,1630.5471262299957,0.005038655562003503,0.010053605127800258,0.3579342382219322,True,True
robot1,109,1722894255199616394,477144.8845627383,4428490.757817715,1630.5498443265433,0.010080228333967631,0.020068389912949222,0.36801446655589987,True,True
robot1,110,1722894255696487167,477144.8901456052,4428490.7614013245,1630.5516317804163,0.006634052847680317,0.013351666938689827,0.3746485194035802,True,True
robot1,111,1722894256197797629,477144.8923749239,4428490.762187341,1630.5532237695736,0.0023638282945080517,0.004715299218399038,0.3770123476980882,True,True
robot1,112,1722894256699185740,477144.9023634349,4428490.761184543,1630.5542082535146,0.010038722785466917,0.020021861960240608,0.38705107048355514,True,True
robot1,113,1722894257196718357,477144.90153479535,4428490.761223512,1630.558548902873,0.0008295553225886982,0.0016673378083207945,0.38788062580614385,True,True
robot1,114,1722894257696749335,477144.9022124967,4428490.7631349545,1630.5605952175931,0.0020280267195753147,0.0040558039585642655,0.38990865252571916,True,True
robot1,115,1722894258195759510,477144.908436438,4428490.761766876,1630.5623588696303,0.006372525739390363,0.012770328441710232,0.3962811782651095,True,True
robot1,116,1722894258700247122,477144.91114636447,4428490.764542832,1630.5658944198692,0.0038793856218508425,0.007689755465460103,0.40016056388696036,True,True
robot1,117,1722894259196271500,477144.921852004,4428490.762897648,1630.5670489061952,0.010831313353874496,0.02183624192392768,0.41099187724083486,True,True
robot1,118,1722894259697157308,477144.9260754688,4428490.760836784,1630.5684406820149,0.004699448421218132,0.009382276608137924,0.41569132566205297,True,True
robot1,119,1722894260197101168,477144.9299313992,4428490.763402084,1630.5712642356268,0.0046313026113009095,0.009263647693941888,0.42032262827335387,True,True
robot1,120,1722894260695734213,477144.9282465506,4428490.763740981,1630.575293942749,0.00171859417808774,0.003446610380574204,0.4220412224514416,True,True
robot1,121,1722894261199735776,477144.9342261546,4428490.76525208,1630.5740019095213,0.006167583261614845,0.012237229104629559,0.4282088057130564,True,True
robot1,122,1722894261697814639,477144.9385463457,4428490.76528379,1630.5768423903255,0.004320307480843544,0.008673947472961711,0.4325291131939,True,True
robot1,123,1722894262196800871,477144.9567130749,4428490.753596056,1630.5843362771477,0.021601693900920385,0.043291161133071805,0.45413080709482034,True,True
robot1,124,1722894262697832086,477144.9540903553,4428490.763532924,1630.5776164875526,0.010277158619119962,0.020512005124397843,0.46440796571394033,True,True
robot1,125,1722894263197498259,477144.9422034228,4428490.761163597,1630.5970325732662,0.012120762080429627,0.024257717934657492,0.47652872779436994,True,True
robot1,126,1722894263697132421,477144.8986501733,4428490.726831191,1630.6065357491707,0.0554580889377331,0.11099736892119161,0.531986816732103,False,True
robot1,127,1722894264195436905,477144.94622534665,4428490.683152523,1630.639423586557,0.06458500745993151,0.12960961739432642,0.5965718241920346,False,True
robot1,128,1722894264697936260,477144.9458856949,4428490.618240506,1630.6435167741895,0.06491290511044864,0.12918001854038136,0.6614847293024833,False,True
robot1,129,1722894265197467603,477144.9341980003,4428490.559570398,1630.5954595398066,0.05982293708635675,0.11975814286323717,0.72130766638884,False,True
robot1,130,1722894265697328033,477144.9260729061,4428490.558377963,1630.577255470111,0.008212128715102808,0.01642884025088183,0.7295197951039428,True,True
robot1,131,1722894266195824998,477144.9270512053,4428490.556806175,1630.5737826319291,0.0018513738965704758,0.0037139135192011336,0.7313711690005134,True,True
robot1,132,1722894266695494777,477144.93493095896,4428490.561717248,1630.5811943801336,0.009284888328948453,0.018582048604478367,0.7406560573294618,True,True
robot1,133,1722894267199359676,477144.946486561,4428490.559695878,1630.5836244822171,0.011731064433228612,0.023282157621075272,0.7523871217626904,True,True
robot1,134,1722894267697140342,477144.940397999,4428490.561473475,1630.584449951608,0.006342746804785601,0.012742054021446758,0.758729868567476,True,True
robot1,135,1722894268196990673,477144.94956499885,4428490.56683825,1630.5816574040414,0.010621426169107374,0.02124920535972227,0.7693512947365834,True,True
robot1,136,1722894268697525710,477144.9509215296,4428490.561135986,1630.5825605562072,0.005861398018314305,0.01171026578778266,0.7752126927548977,True,True
robot1,137,1722894269196575490,477144.9573008447,4428490.566392193,1630.5833473000364,0.00826579520621853,0.016563071393584265,0.7834784879611162,True,True
robot1,138,1722894269695819155,477144.95706044335,4428490.56554542,1630.5843083652803,0.0008802365626529462,0.001763139080861528,0.7843587245237691,True,True
robot1,139,1722894270198326436,477144.9637308829,4428490.563159763,1630.583422210595,0.00708421658004471,0.014097741171070514,0.7914429411038137,True,True
robot1,140,1722894270697409399,477144.96306193614,4428490.560575056,1630.586787267504,0.0026698689134774453,0.0053495510034486625,0.7941128100172912,True,True
robot1,141,1722894271195242301,477144.97123400855,4428490.565217842,1630.5848613849223,0.009398842141588024,0.018879516599522052,0.8035116521588792,True,True
robot1,142,1722894271698337398,477144.97863599984,4428490.568610722,1630.5875250936826,0.008142549274466048,0.016184909106289003,0.8116542014333452,True,True
robot1,143,1722894272196964365,477144.981465381,4428490.566409343,1630.586438143302,0.0035848944758399455,0.00718953216329661,0.8152390959091852,True,True
robot1,144,1722894272697607367,477144.9879743152,4428490.564619431,1630.5876862781886,0.006750556130577471,0.01348376530738177,0.8219896520397627,True,True
robot1,145,1722894273197825441,477144.98991122894,4428490.565101907,1630.5884563767866,0.0019961005503060145,0.003990461940925938,0.8239857525900687,True,True
robot1,146,1722894273696896911,477144.99747892097,4428490.567800872,1630.5892041007987,0.008034573830928777,0.016099040422804974,0.8320203264209974,True,True
robot1,147,1722894274195737385,477144.9977791509,4428490.567525067,1630.5893865863704,0.0004076839765349483,0.0008172634615867604,0.8324280103975323,True,True
robot1,148,1722894274698007501,477145.0078376303,4428490.566575449,1630.5903919142015,0.01010320655179351,0.02011508171317144,0.8425312169493259,True,True
robot1,149,1722894275196050695,477145.00624152937,4428490.569037003,1630.5901218312447,0.002933732880761491,0.005890520548520901,0.8454649498300874,True,True
robot1,150,1722894275697938011,477145.0127011276,4428490.571140911,1630.5913531962617,0.006793588038303958,0.013536082199439848,0.8522585378683913,True,True
robot1,151,1722894276199053375,477145.0183558421,4428490.568447008,1630.59416452583,0.006263618172068131,0.012499354730676624,0.8585221560404594,True,True
robot1,152,1722894276697757121,477145.02236225776,4428490.565779822,1630.5941265775814,0.004813028862531175,0.009651074146887035,0.8633351849029907,True,True
robot1,153,1722894277199464428,477145.026228141,4428490.568017857,1630.5946778986524,0.004466973767114315,0.008903545213712331,0.867802158670105,True,True
robot1,154,1722894277697124892,477145.0336971168,4428490.571854759,1630.5948812610875,0.008396869421588444,0.01687268958345822,0.8761990280916935,True,True
robot1,155,1722894278196879401,477145.0381000419,4428490.569301122,1630.5932349104066,0.005089873471009474,0.010184749102842734,0.8812889015627029,True,True
robot1,156,1722894278697195873,477145.03670172126,4428490.572957343,1630.594696412203,0.003914493161979298,0.007824035564455215,0.8852033947246822,True,True
robot1,157,1722894279198548172,477145.04150278494,4428490.571514243,1630.596152604667,0.005013257479453612,0.009999465432978114,0.8902166522041358,True,True
robot1,158,1722894279697571130,477145.0418025153,4428490.568873672,1630.5966225613272,0.002657528143398994,0.005325465204163954,0.8928741803475349,True,True
robot1,159,1722894280199049384,477145.0437583818,4428490.573119888,1630.5981570573904,0.004675015127611474,0.009322464964179248,0.8975491954751463,True,True
robot1,160,1722894280697653887,477145.051405414,4428490.573628319,1630.5964426061585,0.007663915712052577,0.01537073737302143,0.9052131111871989,True,True
robot1,161,1722894281196300217,477145.05689271225,4428490.575703871,1630.5976463429852,0.005866716130625294,0.011765280930226845,0.9110798273178242,True,True
robot1,162,1722894281704672716,477145.0596667538,4428490.574094984,1630.5988772311523,0.003206840521593902,0.006308052139332978,0.9142866678394181,True,True
robot1,163,1722894282198861322,477145.0668795856,4428490.572944148,1630.5984302737647,0.007304064941409697,0.014779915446772353,0.9215907327808278,True,True
robot1,164,1722894282704030611,477145.0673420863,4428490.5731416745,1630.598078729477,0.0005029149198958391,0.000995537196485802,0.9220936477007237,True,True
robot1,165,1722894283199699413,477145.0698906087,4428490.573505715,1630.6008291154108,0.002574391525702423,0.0051937751709703415,0.924668039226426,True,True
robot1,166,1722894283696627005,477145.0729379514,4428490.5716954665,1630.6013242090162,0.0035444739254258447,0.007132778779718184,0.9282125131518519,True,True
robot1,167,1722894284200326071,477145.078101073,4428490.574077678,1630.601871845455,0.0056861898796403835,0.011288857954460984,0.9338987030314924,True,True
robot1,168,1722894284703936539,477145.0834344882,4428490.572965629,1630.6014470272676,0.005448116182794102,0.01081811749682598,0.9393468192142864,True,True
robot1,169,1722894285197538349,477145.0965397652,4428490.574268752,1630.60289577954,0.013169905559594545,0.026681234926566592,0.9525167247738809,True,True
robot1,170,1722894285700169670,477145.3291884357,4428490.555053798,1630.600685068762,0.23344082408779418,0.46443738309740323,1.1859575488616751,False,True
robot1,171,1722894286197447883,477145.54283519846,4428490.546519366,1630.6001581273222,0.21381715497840287,0.42997490976544256,1.399774703840078,False,True
robot1,172,1722894286695977227,477145.6903330776,4428490.530400394,1630.6006140285724,0.1483760277305269,0.29762755919787964,1.548150731570605,False,True
robot1,173,1722894287199193500,477145.8863020097,4428490.517494212,1630.5998067111957,0.19639346191456752,0.39027627262503334,1.7445441934851724,False,True
robot1,174,1722894287697185264,477145.9900598412,4428490.484233905,1630.6054489824796,0.1089584124231293,0.21879570009114682,1.8535026059083017,False,True
robot1,175,1722894288198570800,477146.2598886124,4428490.362649108,1630.5939547113571,0.29595680168006794,0.5902780016167264,2.1494594075883695,False,True
robot1,176,1722894288697517954,477146.4311370485,4428490.230009086,1630.5978779164325,0.21660886934886647,0.43413168838006305,2.366068276937236,False,True
robot1,177,1722894289198373729,477146.6146302775,4428489.994308495,1630.6012668932865,0.29870476042238236,0.5963891635607643,2.6647730373596183,False,True
robot1,178,1722894289695767102,477146.736309998,4428489.723815678,1630.6053140700828,0.2966012787987001,0.5963112837484957,2.9613743161583184,False,True
robot1,179,1722894290197036478,477146.8056583938,4428489.445217082,1630.608357303904,0.2870999431504644,0.5727455948178103,3.2484742593087828,False,True
robot1,180,1722894290698060223,477146.8187515891,4428489.176831286,1630.6267924833023,0.26870498170334556,0.5363118441198437,3.517179241012128,False,True
robot1,181,1722894291197480359,477146.7559170289,4428488.9084511865,1630.63072021815,0.27563755184258204,0.5519151419968059,3.79281679285471,False,True
robot1,182,1722894291702387717,477146.6492653295,4428488.638008799,1630.644675808237,0.29071234873610846,0.5757736294452586,4.083529141590819,False,True
robot1,183,1722894292197197277,477146.49938605394,4428488.396093067,1630.6617481405078,0.28458218310531863,0.5751349698813714,4.368111324696137,False,True
robot1,184,1722894292697145742,477146.2214200017,4428488.163511672,1630.66655097462,0.36243514091136836,0.7249446031354857,4.730546465607506,False,True
robot1,185,1722894293198882804,477145.89490264846,4428488.01962542,1630.680570072216,0.35681484774433125,0.7111592996860631,5.087361313351837,False,True
robot1,186,1722894293698166035,477145.4883335281,4428487.943806603,1630.6818063894873,0.41357821830900093,0.8283437617846683,5.500939531660839,False,True
robot1,187,1722894294199025528,477145.0530886777,4428487.983142995,1630.6907021244194,0.4370188000451463,0.8725381248962552,5.937958331705985,False,True
robot1,188,1722894294698500879,477144.5477312104,4428488.009521534,1630.693414805023,0.5060454495648318,1.0131537396997985,6.444003781270817,False,True
robot1,189,1722894295197594453,477143.8184739884,4428488.094433365,1630.6922637203088,0.7341839790141329,1.4710348484080034,7.17818776028495,False,True
robot1,190,1722894295698366224,477143.14559796464,4428488.174164074,1630.7182587346597,0.677583300527808,1.353078095408511,7.855771060812758,False,True
robot1,191,1722894296198077643,477142.494525497,4428488.268376689,1630.7323854077688,0.657853612195951,1.3164667901344245,8.513624673008708,False,True
robot1,192,1722894296698668174,477141.8414018984,4428488.366442359,1630.7484174996932,0.660444782413348,1.319331268836273,9.174069455422057,False,True
robot1,193,1722894297200749577,477141.1963288455,4428488.50122367,1630.7422926480986,0.6590032211214403,1.3125426051234312,9.833072676543496,False,True
robot1,194,1722894297696771011,477140.53307290433,4428488.642131326,1630.766038933982,0.6780585600683305,1.3669942684586567,10.511131236611828,False,True
robot1,195,1722894298197981775,477139.8498319127,4428488.804413924,1630.7601931478184,0.7022491682414841,1.4011063948560931,11.213380404853313,False,False
robot1,196,1722894298697558411,477139.1388144157,4428488.982193286,1630.7507256006677,0.7329061211734147,1.4670532360567583,11.946286526026727,False,False
robot1,197,1722894299197385870,477138.4135894044,4428489.168615744,1630.758510653249,0.748802143596547,1.4981214838265713,12.695088669623274,False,False
robot1,198,1722894299697509235,477137.6753419258,4428489.349862611,1630.7704182877535,0.7601708796049619,1.51996777421909,13.455259549228236,False,False
robot1,199,1722894300196947772,477136.95123167307,4428489.456831901,1630.772580357581,0.7319686381436731,1.4655823553586362,14.18722818737191,False,False
robot1,200,1722894300698886003,477136.3357753522,4428489.513708104,1630.7533619103024,0.6180787857310612,1.2313844675874304,14.80530697310297,False,False
robot1,201,1722894301197485707,477135.6579124412,4428489.544797112,1630.7649030600392,0.6785754582544011,1.360961592354093,15.483882431357372,False,False
robot1,202,1722894301699356770,477134.9889254428,4428489.515623965,1630.778939111838,0.6696227867286056,1.3342537773750558,16.15350521808598,False,False
robot1,203,1722894302199210904,477134.3145408955,4428489.460178145,1630.7916701694312,0.6766600007221562,1.3537137570670859,16.830165218808133,False,False
robot1,204,1722894302698097452,477133.64034780033,4428489.447510616,1630.7975711586466,0.674312090867885,1.3516346862769764,17.50447730967602,False,False
robot1,205,1722894303197840586,477132.95476027526,4428489.458667084,1630.808264759498,0.6856782928697681,1.372061212741357,18.190155602545786,False,False
robot1,206,1722894303698442392,477132.2767857197,4428489.470477403,1630.8183552029304,0.678077415687098,1.3545246109047577,18.868233018232885,False,False
robot1,207,1722894304196664367,477131.5733856979,4428489.484170632,1630.7943572420409,0.7035332935632849,1.4120883283991148,19.57176631179617,False,False
robot1,208,1722894304697935157,477130.8820647542,4428489.518556102,1630.822063419236,0.6921755613524984,1.3808416555685277,20.26394187314867,False,False
robot1,209,1722894305197213883,477130.1991788496,4428489.532441959,1630.832412141213,0.6830270680908747,1.368027423266033,20.946968941239547,False,False
robot1,210,1722894305699129509,477129.5660682664,4428489.534518782,1630.835808206726,0.6331139895205006,1.2613950868506187,21.580082930760046,False,False
robot1,211,1722894306198414621,477128.9570255034,4428489.554953978,1630.8516728227053,0.6093854973877217,1.220516375467939,22.18946842814777,False,False
robot1,212,1722894306697289951,477128.3667455303,4428489.548024574,1630.866488328425,0.590320644479228,1.1833028220335657,22.779789072626997,False,False
robot1,213,1722894307199232861,477127.7451407339,4428489.540381617,1630.8690918307202,0.6216517816940553,1.2384911015415387,23.401440854321052,False,False
robot1,214,1722894307698459811,477127.040169652,4428489.541057761,1630.878354131905,0.7049714061159685,1.4121258261137448,24.106412260437022,False,False
robot1,215,1722894308198047444,477126.39026990347,4428489.54035694,1630.882595079328,0.6499001264275389,1.3008733800998233,24.75631238686456,False,False
robot1,216,1722894308697593466,477125.7821365263,4428489.551926457,1630.941846032703,0.6082434201474661,1.2175922898378606,25.364555807012028,False,False
robot1,217,1722894309199858444,477125.1034913903,4428489.533010352,1630.9093135582752,0.6789087123130902,1.351694312914351,26.04346451932512,False,False
robot1,218,1722894309697590281,477124.5131289344,4428489.567310318,1630.9366631750863,0.591358027734013,1.1881054823927326,26.634822547059134,False,False
robot1,219,1722894310197344492,477123.93089812953,4428489.503432896,1630.9384931839306,0.5857243679897283,1.172024925830517,27.22054691504886,False,False
robot1,220,1722894310697443557,477123.2402588892,4428489.380480854,1630.9578820423817,0.7014982287470429,1.4027188770735988,27.922045143795902,False,False
robot1,221,1722894311200008659,477122.5777101858,4428489.282554012,1630.9721429580154,0.6697465571496393,1.3326562002090983,28.591791700945542,False,False
robot1,222,1722894311697170887,477121.8668851369,4428489.219376955,1630.9784796711951,0.7136270669202425,1.4354004849739075,29.305418767865785,False,False
robot1,223,1722894312198273850,477121.2195746017,4428489.159664228,1631.0003014110252,0.6500588733343552,1.2972561957836553,29.95547764120014,False,False
robot1,224,1722894312696955904,477120.5167745878,4428489.122857519,1631.0071314139727,0.7037631656180129,1.4112463141579432,30.659240806818154,False,False
robot1,225,1722894313200195474,477119.8626683292,4428489.095514172,1631.032665331025,0.6546775207592148,1.3009259994269582,31.31391832757737,False,False
robot1,226,1722894313697397256,477119.1495736005,4428489.078353686,1631.0282121792743,0.7133011806897568,1.434631474009619,32.02721950826712,False,False
robot1,227,1722894314196914224,477118.44380294887,4428489.0746991,1631.0485545158006,0.7057801135690773,1.4129252147428055,32.7329996218362,False,False
robot1,228,1722894314699241440,477117.7175516733,4428489.078368733,1631.052516045012,0.7262605465464699,1.4457917889452696,33.45926016838267,False,False
robot1,229,1722894315197746760,477116.974489264,4428489.095262597,1631.060907471675,0.7432544293499471,1.4909657910271406,34.202514597732616,False,False
robot1,230,1722894315699018470,477116.1686285472,4428489.128848541,1631.0637952688942,0.8065602956094475,1.6090281096358732,35.00907489334207,False,False
robot1,231,1722894316199651228,477115.4350855511,4428489.155330585,1631.0733242530605,0.7340208619881016,1.4661862274515562,35.74309575533017,False,False
robot1,232,1722894316697899723,477114.6781766824,4428489.172472259,1631.0760065649715,0.7571029471218899,1.5195285684533066,36.50019870245205,False,False
robot1,233,1722894317200800758,477113.87869398826,4428489.19453719,1631.0793161787467,0.7997871212894251,1.5903475586066975,37.29998582374148,False,False
robot1,234,1722894317697954084,477113.1039892194,4428489.185869133,1631.1070421136278,0.7747532601286238,1.5583790511327036,38.07473908387011,False,False
robot1,235,1722894318199186139,477112.3611846529,4428489.177106262,1631.1279498438034,0.7428562525426681,1.4820602722062877,38.81759533641277,False,False
robot1,236,1722894318698470635,477111.6430153813,4428489.193360119,1631.1400435327407,0.7183531795233026,1.43876521525301,39.53594851593608,False,False
robot1,237,1722894319199705713,477110.985161921,4428489.212655088,1631.1392800384149,0.6581363620367179,1.3130295195221564,40.1940848779728,False,False
robot1,238,1722894319699345578,477110.3417911836,4428489.206042575,1631.1510397054362,0.6434047179828897,1.2877366373905972,40.83748959595569,False,False
robot1,239,1722894320199151720,477109.6914429721,4428489.129579513,1631.170975893624,0.6548277604918536,1.310164055196263,41.49231735644754,False,False
robot1,240,1722894320698718619,477108.9813628137,4428489.008157039,1631.1902111680738,0.7203868742946249,1.4420217599371568,42.21270423074217,False,False
robot1,241,1722894321199994022,477108.3552287583,4428488.823907808,1631.2072374723248,0.6526803461879822,1.3020397073474108,42.865384576930154,False,False
robot1,242,1722894321699533517,477107.6806625335,4428488.613100366,1631.20618367037,0.7067385439632096,1.414780453555744,43.572123120893366,False,False
robot1,243,1722894322199234826,477107.0039212635,4428488.36764473,1631.236429136314,0.7198800008492175,1.4406207393972117,44.29200312174258,False,False
robot1,244,1722894322699911445,477106.29810484505,4428488.101633387,1631.2515817286203,0.7542803532817641,1.506521984814745,45.046283475024346,False,False
robot1,245,1722894323197900313,477105.5640891865,4428487.846534375,1631.255923275232,0.7770807504481938,1.560437771094821,45.82336422547254,False,False
robot1,246,1722894323699519523,477104.8447788104,4428487.692143098,1631.2474238065745,0.7356929274249482,1.4666365905683614,46.55905715289749,False,False
robot1,247,1722894324200996918,477104.1213993992,4428487.672929036,1631.252357530448,0.7236345436357763,1.4430050652125306,47.28269169653326,False,False
robot1,248,1722894324697447046,477103.42527308303,4428487.714238288,1631.2516762969433,0.6973509176104857,1.4046745022782092,47.98004261414375,False,False
robot1,249,1722894325200155328,477102.8117888114,4428487.757385272,1631.2657581436677,0.6149996859660568,1.2233725218761742,48.5950423001098,False,False
robot1,250,1722894325699861421,477102.3135002131,4428487.788679645,1631.2530264902127,0.4992703326315405,0.9991280928498673,49.09431263274134,False,False
robot1,251,1722894326199359956,477101.8330212294,4428487.865528968,1631.248182868781,0.4865859350124102,0.9741492001931661,49.58089856775375,False,False
robot1,252,1722894326698316500,477101.381475136,4428487.937209493,1631.263679962511,0.45720014445029283,0.9163123022571174,50.03809871220404,False,False
robot1,253,1722894327200448411,477100.9592840192,4428487.991179842,1631.2674233057658,0.42562675863365845,0.8476392868714255,50.4637254708377,False,False
robot1,254,1722894327698030669,477100.52448619454,4428488.065714378,1631.246243483732,0.44114005194379025,0.886567193190667,50.90486552278149,False,False
robot1,255,1722894328198574383,477100.3492168266,4428488.091785926,1631.2324612418574,0.17719784697842253,0.35401081738917267,51.082063369759915,False,False
robot1,256,1722894328699979028,477100.347172508,4428488.09756376,1631.235285616329,0.006128833824531748,0.012223325914992178,51.08819220358445,True,False
robot1,257,1722894329200336546,477100.0311595124,4428488.16859069,1631.2039272770962,0.323896647296065,0.6473302878897857,51.412088850880515,False,False
robot1,258,1722894329699195322,477099.69179221406,4428488.230705573,1631.2119691896944,0.34500495924966995,0.6915885519977287,51.757093810130186,False,False
robot1,259,1722894330199319490,477099.45177179575,4428488.279857057,1631.222364498721,0.24500136647788232,0.4898810307534338,52.002095176608066,False,False
robot1,260,1722894330699494556,477099.10501952056,4428488.403981618,1631.2291331139536,0.3682988553733082,0.7363399928726766,52.37039403198138,False,False
robot1,261,1722894331200311959,477098.7457383637,4428488.588876559,1631.2334470811863,0.4040656990550889,0.8068121999625606,52.774459731036465,False,False
robot1,262,1722894331701184487,477098.4448166787,4428488.7114687385,1631.2413817696638,0.324934920997062,0.6487379582826162,53.099394652033524,False,False
robot1,263,1722894332199507101,477098.07834694,4428488.885320811,1631.2465196713977,0.4056163364136153,0.813963152438343,53.50501098844714,False,False
robot1,264,1722894332698707182,477097.7076364429,4428489.057215573,1631.253255204945,0.4086246224571678,0.8185591568952222,53.91363561090431,False,False
robot1,265,1722894333202767798,477097.41712707846,4428489.182379084,1631.2529771039096,0.3163251415553263,0.6275536124226043,54.22996075245963,False,False
robot1,266,1722894333699467027,477097.0869726661,4428489.353681415,1631.252469217691,0.37194949229902086,0.7488427021786767,54.601910244758656,False,False
robot1,267,1722894334199392864,477096.7749641535,4428489.51886516,1631.2563686180486,0.3530367988684487,0.7061783214087906,54.95494704362711,False,False
robot1,268,1722894334697688376,477096.5120584799,4428489.659539063,1631.2499609586737,0.29817535176702825,0.5983905624144337,55.253122395394136,False,False
robot1,269,1722894335201791154,477096.1536231325,4428489.879935021,1631.2500502947744,0.4207734261688982,0.834697416606679,55.673895821563036,False,False
robot1,270,1722894335699867680,477095.7847843505,4428490.110107299,1631.2602623397192,0.4347658275938583,0.8728897687887276,56.10866164915689,False,False
robot1,271,1722894336201311348,477095.4134349492,4428490.32940391,1631.2627716741297,0.43126718100156186,0.8600511800995218,56.53992883015845,False,False
robot1,272,1722894336698433921,477095.0613404768,4428490.556699746,1631.2646042377096,0.4190870014028852,0.8430251665314812,56.95901583156134,False,False
robot1,273,1722894337197623286,477094.6888503824,4428490.79834822,1631.2568625854676,0.44400771986450027,0.8894578942092698,57.40302355142584,False,False
robot1,274,1722894337699966179,477094.3572740231,4428491.034233874,1631.242727469201,0.4069212744883601,0.8100467680369033,57.8099448259142,False,False
robot1,275,1722894338199099563,477094.0567882165,4428491.248411366,1631.2286067616776,0.36900368301436043,0.7392887775364919,58.17894850892856,False,False
robot1,276,1722894338698098284,477093.7449996051,4428491.468233663,1631.217642644098,0.3814891615816922,0.7645094184571543,58.560437670510254,False,False
robot1,277,1722894339200918698,477093.3988190368,4428491.729211185,1631.2096502564889,0.43353229767321644,0.8622009340335586,58.99396996818347,False,False
robot1,278,1722894339699625756,477093.0573013144,4428491.989432346,1631.202736531098,0.42935929863522326,0.8609449042887064,59.4233292668187,False,False
robot1,279,1722894340206481374,477092.7592961742,4428492.227227782,1631.189758059473,0.38125284635856754,0.7521920472029704,59.80458211317727,False,False
robot1,280,1722894340699485089,477092.5673169741,4428492.389313484,1631.1934465634297,0.25125243874546904,0.5096358602152017,60.055834551922736,False,False
robot1,281,1722894341197735263,477092.4856639432,4428492.451411053,1631.1916224874276,0.10258326143760978,0.20588722318947142,60.158417813360344,False,False
robot1,282,1722894341699288508,477092.3587067613,4428492.523898842,1631.1878459685904,0.1461937263353878,0.29148179805150926,60.304611539695735,False,False
robot1,283,1722894342199549961,477092.34851902,4428492.526495303,1631.1832301155086,0.01051340495996729,0.021015826764620122,60.3151249446557,True,False
robot1,284,1722894342699241551,477092.3044896659,4428492.562887103,1631.1843212739404,0.05712221241238499,0.11431496027408156,60.37224715706809,False,False
robot1,285,1722894343201003635,477092.0802831712,4428492.631440606,1631.1773814363817,0.23445284171936923,0.46725892121706103,60.606699998787455,False,False
robot1,286,1722894343705817959,477091.858829157,4428492.660315449,1631.1735035264362,0.22332854045043443,0.44239733747944665,60.83002853923789,False,False
robot1,287,1722894344199149727,477091.65412261646,4428492.667505966,1631.1715542451266,0.20483278856960488,0.4152027970584772,61.03486132780749,False,False
robot1,288,1722894344699346576,477091.3982689038,4428492.643422629,1631.162518191544,0.25698468709598316,0.5137670180647417,61.29184601490348,False,False
robot1,289,1722894345203068400,477090.9619287136,4428492.701836354,1631.139112793823,0.44023280758530414,0.8739603541649611,61.73207882248878,False,False
robot1,290,1722894345701858526,477090.3148460367,4428492.820580229,1631.121639348807,0.6578876033039839,1.318967039018312,62.389966425792764,False,False
robot1,291,1722894346200174475,477089.6920709248,4428492.935106841,1631.1119325923555,0.6332181179012462,1.2707158808958223,63.02318454369401,False,False
robot1,292,1722894346700672733,477089.13501074514,4428493.033331079,1631.0960274702077,0.5656536438307161,1.1301809610010414,63.58883818752472,False,False
robot1,293,1722894347202741420,477088.42509231233,4428493.172040047,1631.0870597443725,0.7233424907809964,1.4407239630818536,64.31218067830572,False,False
robot1,294,1722894347702004061,477087.81743947294,4428493.295734262,1631.0878016507831,0.6201146926458785,1.242061841564741,64.9322953709516,False,False
robot1,295,1722894348201596833,477087.3409299427,4428493.521318969,1631.080791438618,0.5272094390019486,1.0552778330348107,65.45950480995356,False,False
robot1,296,1722894348701867351,477086.8376928891,4428493.922232786,1631.071734863836,0.6434123255392584,1.2861291981448735,66.10291713549282,False,False
robot1,297,1722894349202305524,477086.38281152,4428494.29344914,1631.0761049856253,0.5871274490108095,1.1732266508634317,66.69004458450362,False,False
robot1,298,1722894349701564257,477086.0477023493,4428494.721614794,1631.0637950282794,0.5437131443268032,1.089041297214902,67.23375772883043,False,False
robot1,299,1722894350201773922,477085.7944020023,4428495.244431286,1631.0351674730075,0.580945910013551,1.1614044753147126,67.81470363884398,False,False
robot1,300,1722894350701879085,477085.6005187676,4428495.822199297,1630.9983503216572,0.6094313605743701,1.2186064662603864,68.42413499941836,False,False
robot1,301,1722894351205755350,477085.5521287572,4428496.320501329,1630.9641894771785,0.5006460910100734,0.993588990550307,68.92478109042843,False,False
robot1,302,1722894351701304055,477085.584906726,4428496.6161798965,1630.9378352234432,0.2974898490853299,0.6003244022812791,69.22227093951375,False,False
robot1,303,1722894352201522788,477085.5891780874,4428497.037354642,1630.8990935264335,0.42119640361415356,0.8420246238157366,69.6434673431279,False,False
robot1,304,1722894352701535242,477085.6106748575,4428497.725539878,1630.8568833901224,0.6885209007330338,1.377007001236487,70.33198824386093,False,False
robot1,305,1722894353205045898,477085.7071279551,4428498.524105285,1630.7953659002908,0.8043692620587087,1.5975216422783574,71.13635750591965,False,False
robot1,306,1722894353700073024,477085.91056919296,4428499.296222751,1630.7180347256165,0.7984696100370312,1.612981725736702,71.93482711595668,False,False
robot1,307,1722894354201423719,477086.2115827502,4428500.020590679,1630.6527810555558,0.78442211621655,1.5646177578626863,72.71924923217323,False,False
robot1,308,1722894354699522973,477086.5494174138,4428500.712638854,1630.5750618261611,0.7701057958440366,1.5460888099310859,73.48935502801726,False,False
robot1,309,1722894355200380530,477086.8954151536,4428501.491913859,1630.5193727352178,0.8526335490637451,1.7023480709596117,74.341988577081,False,False
robot1,310,1722894355701728377,477087.21705599845,4428502.256337184,1630.4438264834464,0.8293345850106717,1.6542093598974896,75.17132316209167,False,False
robot1,311,1722894356201711914,477087.4128200633,4428502.956533729,1630.393379963012,0.7270479834308728,1.4541438107581073,75.89837114552255,False,False
robot1,312,1722894356698822589,477087.562458377,4428503.645750051,1630.341821162461,0.7052735382809762,1.4187450289568666,76.60364468380352,False,False
robot1,313,1722894357200765444,477087.6155615704,4428504.296739947,1630.2825999737122,0.653152197757953,1.3012486940887158,77.25679688156147,False,False
robot1,314,1722894357700837978,477087.6037184687,4428504.887005831,1630.2344716854611,0.5903846821759345,1.180598226608449,77.84718156373741,False,False
robot1,315,1722894358202150495,477087.5421794896,4428505.459724044,1630.2012327781358,0.5760149284555423,1.1490137090741832,78.42319649219294,False,False
robot1,316,1722894358700527814,477087.4290375827,4428505.974968963,1630.1517950343775,0.5275210114553802,1.058476649298584,78.95071750364832,False,False
robot1,317,1722894359201781255,477087.3353100717,4428506.50976798,1630.104264226649,0.5429501219414506,1.0831849883916564,79.49366762558977,False,False
robot1,318,1722894359702141156,477087.23025558,4428507.18230126,1630.03389127205,0.6806889583186143,1.3603983969937024,80.17435658390838,False,False
robot1,319,1722894360202413246,477087.1422524619,4428507.782342239,1629.95698678596,0.6064599954548802,1.212260434923238,80.78081657936326,False,False
robot1,320,1722894360698927035,477087.0166769275,4428508.410663053,1629.8808081005784,0.6407466428226275,1.2904909926759844,81.4215632221859,False,False
robot1,321,1722894361200664408,477086.8207422482,4428509.031092238,1629.8001703108955,0.6506325931497667,1.2967599368470057,82.07219581533566,False,False
robot1,322,1722894361700354057,477086.5415155452,4428509.648262471,1629.71644777074,0.6773969652333427,1.3556349191168982,82.749592780569,False,False
robot1,323,1722894362199549997,477086.2766024949,4428510.209625064,1629.655227203086,0.6207309284617493,1.2434618057449371,83.37032370903076,False,False
robot1,324,1722894362700174284,477086.0257402334,4428510.772787901,1629.6170073585158,0.616509735812171,1.2314815524911678,83.98683344484293,False,False
robot1,325,1722894363202633023,477085.7858887557,4428511.359819221,1629.644337847161,0.6341407594656215,1.2620757099479252,84.62097420430855,False,False
robot1,326,1722894363702510661,477085.5443922683,4428511.9359751865,1629.6187542569746,0.6247209374457404,1.2497475849740556,85.2456951417543,False,False
robot1,327,1722894364201037314,477085.4833187379,4428512.075459379,1629.6172299068096,0.15226889374574412,0.3054377221099218,85.39796403550004,False,False
robot1,328,1722894364701817273,477085.4880812842,4428512.06383415,1629.6150950342071,0.012562952841222783,0.025086776974805592,85.41052698834126,True,False
robot1,329,1722894365202600769,477085.4906278739,4428512.06194769,1629.6144718761414,0.0031692034414750312,0.0063284908535231645,85.41369619178273,True,False
robot1,330,1722894365702375489,477085.4905014012,4428512.062080079,1629.6143157034887,0.0001830902779309194,0.0003663456352768438,85.41387928206066,True,False
robot1,331,1722894366202742328,477085.4922118528,4428512.063386681,1629.614885356831,0.002152406326143701,0.004301655871860045,85.41603168838681,True,False
robot1,332,1722894366702452254,477085.4926407241,4428512.06207609,1629.6154105062997,0.0013789773255452743,0.0027595560513297627,85.41741066571235,True,False
robot1,333,1722894367201130325,477085.4918061948,4428512.064990962,1629.616675530484,0.0030319825244406228,0.006080041054649082,85.4204426482368,True,False
robot1,334,1722894367702312562,477085.492531985,4428512.065508902,1629.613738451195,0.0008916464286228187,0.001779085967467181,85.42133429466543,True,False
robot1,335,1722894368200556697,477085.4917022597,4428512.062699746,1629.6149040480325,0.0029291295620740916,0.005878902471794082,85.4242634242275,True,False
robot1,336,1722894368704363232,477085.4912583545,4428512.065983424,1629.6127159638847,0.003313546520346176,0.006577020982488459,85.42757697074785,True,False
robot1,337,1722894369200731042,477085.4918942005,4428512.064296345,1629.6131808726363,0.001802923956279987,0.003632234695965773,85.42937989470413,True,False
robot1,338,1722894369701709112,477085.4958903239,4428512.063090278,1629.6140203698728,0.0041741586769490175,0.008332020039158509,85.43355405338107,True,False
robot1,339,1722894370207689904,477085.49490843934,4428512.065715904,1629.6126895170178,0.0028032145539250274,0.005540158086126984,85.436357267935,True,False
robot1,340,1722894370705413624,477085.49314677867,4428512.06395792,1629.6146291002904,0.0024887660123489915,0.005000297585490076,85.43884603394734,True,False
robot1,341,1722894371203496752,477085.4961273642,4428512.063658303,1629.6125461923546,0.002995606952055666,0.006014271241290505,85.4418416408994,True,False
robot1,342,1722894371698283729,477085.495210974,4428512.062688807,1629.6130389547031,0.0013340512696559618,0.0026962133798954452,85.44317569216905,True,False
robot1,343,1722894372200880793,477085.4954367731,4428512.062084976,1629.6144205541025,0.0006446685666067135,0.0012826740723840015,85.44382036073566,True,False
robot1,344,1722894372701596508,477085.4994800383,4428512.064651921,1629.6153220069737,0.004789280092568639,0.00956487296372265,85.44860964082822,True,False
robot1,345,1722894373201723868,477085.50142012094,4428512.06481483,1629.6159699820298,0.0019469103570237379,0.0038928294788190855,85.45055655118524,True,False
robot1,346,1722894373699138871,477085.502056256,4428512.062984129,1629.6163341160582,0.0019380746038323742,0.003896292527549857,85.45249462578907,True,False
robot1,347,1722894374198441989,477085.5023510976,4428512.064646043,1629.6155384526764,0.0016878649071906536,0.0033804414568270173,85.45418249069627,True,False
robot1,348,1722894374709043625,477085.50422554096,4428512.061808497,1629.6170992525083,0.0034007655369012587,0.006660309090686578,85.45758325623316,True,False
robot1,349,1722894375202490730,477085.5024154919,4428512.064164097,1629.616322502278,0.0029707124191540725,0.00602032935870213,85.46055396865232,True,False
robot1,350,1722894375701559747,477085.5040441548,4428512.060502937,1629.6177360649456,0.004007073482755603,0.008029093703668059,85.46456104213507,True,False
robot1,351,1722894376203255188,477085.5061213806,4428512.062037005,1629.6163343398891,0.0025822919761492496,0.0051471286705141095,85.46714333411123,True,False
robot1,352,1722894376708406929,477085.5045506425,4428512.061845471,1629.6172734523018,0.0015823727163752036,0.003132471514591033,85.4687257068276,True,False
robot1,353,1722894377211888273,477085.5040503791,4428512.064887862,1629.6169229391376,0.0030832456703118534,0.006123852327483073,85.47180895249791,True,False
robot1,354,1722894377700239943,477085.5051577741,4428512.063337222,1629.6184031677874,0.0019054679220283813,0.0039018362722338957,85.47371442041994,True,False
robot1,355,1722894378213616066,477085.5035393758,4428512.064994007,1629.6157308492895,0.0023160638140495206,0.00451143557455461,85.47603048423399,True,False
robot1,356,1722894378701996799,477085.5039436995,4428512.062852307,1629.6178317539964,0.002179531399005582,0.004462771625589276,85.478210015633,True,False
robot1,357,1722894379202748441,477085.50260426704,4428512.065944834,1629.615993070698,0.0033701334241171134,0.00673015149297821,85.48158014905711,True,False
robot1,358,1722894379707510056,477085.5054676644,4428512.065389512,1629.6171421374638,0.0029167492984202414,0.005778467982678961,85.48449689835553,True,False
robot1,359,1722894380200949762,477085.5044611716,4428512.064146983,1629.6176169425703,0.0015990326117413156,0.0032405837932646354,85.48609593096727,True,False
robot1,360,1722894380702115833,477085.5037188327,4428512.064115493,1629.616809096763,0.000743006525524416,0.0014825554196717956,85.48683893749279,True,False
robot1,361,1722894381201480889,477085.5041620389,4428512.064728318,1629.6176007963536,0.0007562978450959983,0.0015145188525112934,85.48759523533789,True,False
robot1,362,1722894381702718299,477085.5066079879,4428512.0647348985,1629.616282702862,0.002445957861257847,0.004879839170460959,85.49004119319915,True,False
robot1,363,1722894382199417517,477085.5058498343,4428512.06339164,1629.6186609753452,0.001542446345517697,0.003105392422431181,85.49158363954467,True,False
robot1,364,1722894382673107412,477085.506274168,4428512.063730812,1629.6173906238594,0.0005432279537133795,0.0011468010499158911,85.49212686749838,True,False
robot1,365,1722894383223625872,477085.507258505,4428512.062799811,1629.6188590580025,0.0013548730454682645,0.002461085347992684,85.49348174054386,True,False
robot1,366,1722894383700388061,477085.5075332854,4428512.063728806,1629.6176951679856,0.0009687799750631556,0.002031997885931738,85.49445052051892,True,False
robot1,367,1722894384209965511,477085.5079358805,4428512.062841654,1629.6174632823377,0.0009742284829790542,0.001911836598824594,85.4954247490019,True,False
robot1,368,1722894384701469206,477085.50529764366,4428512.065379743,1629.6178334081276,0.0036609005329380972,0.007448367972358397,85.49908564953483,True,False
robot1,369,1722894385201546928,477085.4963319039,4428512.087671408,1629.6204346933628,0.02402712667282491,0.04804678452519464,85.52311277620765,True,False
robot1,370,1722894385701441421,477085.4635804443,4428512.323850748,1629.6052241022926,0.23843938141308343,0.4769792919471083,85.76155215762074,False,False
robot1,371,1722894386201997777,477085.4365446219,4428512.582555711,1629.595784693969,0.26011380902568954,0.5196495281708066,86.02166596664642,False,False
robot1,372,1722894386700110889,477085.4517356727,4428512.658981604,1629.5906534435376,0.07792101795575715,0.15643236304140745,86.09958698460218,False,False
robot1,373,1722894387201800844,477085.5294898317,4428512.825607833,1629.5787961285273,0.1838749839575036,0.3665110511167177,86.28346196855969,False,False
robot1,374,1722894387700221794,477085.6194956356,4428513.024115572,1629.5694380081525,0.21795955336392436,0.43730035020459973,86.50142152192362,False,False
robot1,375,1722894388199311326,477085.74215324846,4428513.245176867,1629.551323025378,0.2528101779786094,0.5065427912025432,86.75423169990222,False,False
robot1,376,1722894388698504170,477085.9062434245,4428513.455970579,1629.536382865641,0.26713213017302107,0.5351280071341381,87.02136383007525,False,False
robot1,377,1722894389202201688,477086.096597673,4428513.640647935,1629.5244835975436,0.2652177703623485,0.5265418737997973,87.2865816004376,False,False
robot1,378,1722894389700196223,477086.315168618,4428513.823270196,1629.513314287008,0.28482301227917195,0.5719401647378707,87.57140461271678,False,False
robot1,379,1722894390201954139,477086.62409127614,4428514.106054586,1629.487494473762,0.4188080945915026,0.8346812851813271,87.99021270730827,False,False
robot1,380,1722894390702267850,477087.0825492152,4428514.550291198,1629.4506850412045,0.6383806460564141,1.27596060424891,88.62859335336469,False,False
robot1,381,1722894391200255232,477087.5126360624,4428514.930599633,1629.4244807580787,0.5741160173715114,1.1528728775777393,89.2027093707362,False,False
robot1,382,1722894391702805454,477088.06942328543,4428515.139566797,1629.395620642188,0.5947094142751252,1.1833827162817712,89.79741878501133,False,False
robot1,383,1722894392212792176,477088.6886069533,4428515.381553154,1629.3576272869534,0.6647900509437314,1.30354405405114,90.46220883595507,False,False
robot1,384,1722894392701606129,477089.3354842244,4428515.648270842,1629.3270828073255,0.6997060300669734,1.4314365095564832,91.16191486602204,False,False
robot1,385,1722894393202797969,477090.0206379187,4428515.911992819,1629.2810558100714,0.7341558868218863,1.4648193721103826,91.89607075284393,False,False
robot1,386,1722894393702206664,477090.6552588343,4428516.142629135,1629.2440068250164,0.6752309360350073,1.3520614053163362,92.57130168887893,False,False
robot1,387,1722894394200238020,477091.2742499491,4428516.343654041,1629.2138647946354,0.6508156520254885,1.3067764021423358,93.22211734090442,False,False
robot1,388,1722894394702907465,477091.9516309273,4428516.555860838,1629.1691506529096,0.7098427390590555,1.4121464956479446,93.93196007996347,False,False
robot1,389,1722894395201518117,477092.65854498657,4428516.75954078,1629.126006409911,0.7356718060485763,1.475443175401608,94.66763188601205,False,False
robot1,390,1722894395700680489,477093.3847963097,4428516.953683813,1629.090477861452,0.7517529524184207,1.506028697086934,95.41938483843046,False,False
robot1,391,1722894396201833320,477094.17415001127,4428517.134589292,1629.0588672249642,0.8098185343198564,1.6159115721324209,96.22920337275032,False,False
robot1,392,1722894396702130445,477094.9758744009,4428517.3095421735,1629.036310291339,0.8205915595459465,1.6402086070277428,97.04979493229627,False,False
robot1,393,1722894397203210956,477095.8283472249,4428517.456491359,1628.9835978662834,0.8650456512368573,1.7263597709292093,97.91484058353312,False,False
robot1,394,1722894397699226228,477096.67398400704,4428517.594251081,1628.9370511890677,0.8567842835228137,1.7273351801480608,98.77162486705593,False,False
robot1,395,1722894398203492171,477097.4819980359,4428517.693123033,1628.894370889588,0.8140407445234916,1.6143081357218683,99.58566561157943,False,False
robot1,396,1722894398702810061,477098.3915793052,4428517.78899889,1628.8475198243434,0.9146202847252392,1.831739485441235,100.50028589630467,False,False
robot1,397,1722894399202492225,477099.3506215061,4428517.867203039,1628.8090027082296,0.9622254580682688,1.9256749212014834,101.46251135437295,False,False
robot1,398,1722894399709700861,477100.2556596122,4428517.909257317,1628.794503955992,0.9060146443314366,1.7862762378344523,102.36852599870438,False,False
robot1,399,1722894400199980376,477101.18347917567,4428517.920457329,1628.7400380925042,0.9278871605129024,1.8925679768913974,103.29641315921728,False,False
robot1,400,1722894400702183068,477102.1599891776,4428517.909415551,1628.7064116869424,0.9765724267612766,1.9445770947926737,104.27298558597856,False,False
robot1,401,1722894401202022575,477103.1393760174,4428517.857360248,1628.6598969957768,0.9807692575274605,1.9621691331482884,105.25375484350602,False,False
robot1,402,1722894401701580677,477104.1205328672,4428517.788793852,1628.6253592276853,0.9835497520387567,1.9688391294870877,106.23730459554477,False,False
robot1,403,1722894402202206463,477105.0375350482,4428517.703970164,1628.570065911207,0.9209169658160046,1.8395322707707542,107.15822156136078,False,False
robot1,404,1722894402700574657,477105.9626193683,4428517.663002739,1628.5274452127094,0.9259909984339262,1.858045679725385,108.08421255979471,False,False
robot1,405,1722894403204930160,477106.9682982785,4428517.637712142,1628.4957988462004,1.0059968612073555,1.9946188742422102,109.09020942100206,False,False
robot1,406,1722894403700018507,477107.97783116245,4428517.630418155,1628.449112421966,1.0095592335270305,2.039149691685568,110.09976865452909,False,False
robot1,407,1722894404199961232,477108.9118690563,4428517.649456,1628.413325349605,0.934231891260922,1.8686767445493686,111.03400054579001,False,False
robot1,408,1722894404701132575,477109.8510404938,4428517.656951556,1628.3878904774665,0.9392013481782185,1.874013337114995,111.97320189396822,False,False
robot1,409,1722894405198645485,477110.8560337336,4428517.64070502,1628.3592979616628,1.0051245504429807,2.0202978368556197,112.97832644441121,False,False
robot1,410,1722894405701877463,477111.9187917493,4428517.607970088,1628.3428412583908,1.063262044716954,2.1128665107653446,114.04158848912816,False,False
robot1,411,1722894406200670479,477112.9653052745,4428517.553309837,1628.3210976220464,1.0479400276249622,2.100952229865694,115.08952851675312,False,False
robot1,412,1722894406701744351,477113.9985403166,4428517.528745982,1628.313729543638,1.033526988107955,2.06262413084213,116.12305550486107,False,False
robot1,413,1722894407198355170,477115.0020696886,4428517.550298502,1628.2871443883405,1.0037607840262595,2.021221895565961,117.12681628888733,False,False
robot1,414,1722894407704231383,477115.9845364552,4428517.56715981,1628.278619131053,0.9826114446791167,1.9423946909501784,118.10942773356645,False,False
robot1,415,1722894408204808244,477117.0053477357,4428517.559906054,1628.2577171753774,1.0208370523369348,2.0393218100102426,119.13026478590338,False,False
robot1,416,1722894408701105079,477118.0739524348,4428517.527845139,1628.2365841746246,1.0690855462752924,2.1541250483203678,120.19935033217867,False,False
robot1,417,1722894409201060015,477119.1396941729,4428517.490215396,1628.2215501075668,1.0664058560577616,2.133003943172337,121.26575618823642,False,False
robot1,418,1722894409704855693,477120.1320011111,4428517.478510769,1628.199994230196,0.9923759660136138,1.9697977702401972,122.25813215425003,False,False
robot1,419,1722894410203461559,477121.1377917882,4428517.456281125,1628.178554935143,1.0060363031357018,2.0176990482432426,123.26416845738574,False,False
robot1,420,1722894410701299721,477122.1305515661,4428517.45632647,1628.1711487479188,0.9927597789088787,1.9941421474024155,124.25692823629461,False,False
robot1,421,1722894411203544756,477123.0708311781,4428517.463241501,1628.1447095831902,0.9403050390414373,1.8722031827448598,125.19723327533605,False,False
robot1,422,1722894411702083844,477123.9876812825,4428517.444931516,1628.1356424593598,0.9170329162429338,1.8394407853422066,126.11426619157898,False,False
robot1,423,1722894412203106355,477124.9211183668,4428517.411852111,1628.117145919795,0.9340230390240185,1.8642334325211114,127.04828923060299,False,False
robot1,424,1722894412700117791,477125.5130787315,4428517.368186108,1628.1018641777275,0.593568692884061,1.194275755612848,127.64185792348705,False,False
robot1,425,1722894413204784993,477125.912780678,4428517.338764463,1628.104379327439,0.40078333207390515,0.7941539616827813,128.04264125556097,False,False
robot1,426,1722894413701188038,477126.5821726314,4428517.287598699,1628.1291941963664,0.6713445632395739,1.352417832563424,128.71398581880055,False,False
robot1,427,1722894414201873996,477127.1226226592,4428517.238887971,1628.1604904237,0.5426407352675449,1.083794655452665,129.2566265540681,False,False
robot1,428,1722894414702077799,477127.6169190579,4428517.189091308,1628.1844327148517,0.4967983871232724,0.993192327526561,129.75342494119138,False,False
robot1,429,1722894415200267191,477128.33445981983,4428517.107187704,1628.1965453185878,0.7222000729327696,1.4496487798153614,130.47562501412415,False,False
robot1,430,1722894415699958046,477129.1058152565,4428517.006580655,1628.2063129523644,0.7778888017579441,1.5567403817385037,131.2535138158821,False,False
robot1,431,1722894416200594749,477129.87206194527,4428516.894534094,1628.2249465162251,0.7743955190673842,1.5468216940323543,132.02790933494947,False,False
robot1,432,1722894416704431751,477130.73774537415,4428516.755969847,1628.2276591226794,0.876702828653749,1.74005211936222,132.90461216360322,False,False
robot1,433,1722894417198947903,477131.6000445449,4428516.60811878,1628.2378879202547,0.8748827337387154,1.7691692406441135,133.77949489734192,False,False
robot1,434,1722894417701334713,477132.5223576564,4428516.433485668,1628.2346704822291,0.9387002713090639,1.8684811297240373,134.718195168651,False,False
robot1,435,1722894418203062881,477133.4638746616,4428516.246455941,1628.252758104099,0.9599137408150878,1.9132151885362507,135.6781089094661,False,False
robot1,436,1722894418699795766,477134.313279794,4428516.086642308,1628.258537428001,0.8643086695823526,1.7399865847755045,136.54241757904845,False,False
robot1,437,1722894419199451947,477135.2447588982,4428516.05335882,1628.2821399417178,0.9320735551182965,1.8654297782264204,137.47449113416675,False,False
robot1,438,1722894419680283157,477136.0867468546,4428516.05393218,1628.283758749064,0.8419881515906481,1.7511098400642526,138.3164792857574,False,False
robot1,439,1722894420205775951,477136.9758910381,4428516.060950097,1628.2940504239273,0.8891718788769637,1.6920720865292658,139.20565116463436,False,False
robot1,440,1722894420702136363,477137.9103349565,4428516.053401634,1628.2925771714526,0.9344744062485796,1.8826533921771136,140.14012557088293,False,False
robot1,441,1722894421204728084,477138.84217676206,4428516.050388869,1628.2964263352324,0.9318466758945195,1.8540823511371018,141.07197224677745,False,False
robot1,442,1722894421701510658,477139.7844245488,4428516.036927049,1628.2926731211344,0.9423439458066213,1.8968942495201921,142.01431619258406,False,False
robot1,443,1722894422202335030,477140.7273926448,4428516.023918162,1628.291474120002,0.9430578249594658,1.8830116444606242,142.95737401754351,False,False
robot1,444,1722894422704551912,477141.6737285323,4428516.007080322,1628.2952941878634,0.9464856706701666,1.884614754596505,143.90385968821369,False,False
robot1,445,1722894423200967971,477142.618779063,4428515.98241236,1628.298123997831,0.9453724207853044,1.9043951962372414,144.849232108999,False,False
robot1,446,1722894423703329401,477143.6014596074,4428515.960519675,1628.291327183893,0.9829243826662803,1.9566084954147922,145.83215649166527,False,False
robot1,447,1722894424201597429,477144.5891009549,4428515.922497383,1628.290355653989,0.9883729690160282,1.9836166806239393,146.8205294606813,False,False
robot1,448,1722894424704216159,477145.5623649994,4428515.882936074,1628.2878501769617,0.9740677581564366,1.9379860845280663,147.79459721883774,False,False
robot1,449,1722894425201588767,477146.55885727634,4428515.844688036,1628.2759577768477,0.9972260378230787,2.0049877761069244,148.79182325666082,False,False
robot1,450,1722894425700470103,477147.6263326447,4428515.789743529,1628.2661810438838,1.0688884698328989,2.1425705555059626,149.86071172649372,False,False
robot1,451,1722894426203370813,477148.6902448346,4428515.738011594,1628.268174371757,1.065169160650406,2.118050077391158,150.92588088714413,False,False
robot1,452,1722894426701054180,477149.6918299268,4428515.711022147,1628.2565671337286,1.0019486649554539,2.0132254624538346,151.92782955209958,False,False
robot1,453,1722894427203748640,477150.6917491317,4428515.713591579,1628.2648153144305,0.9999225061671055,1.9891251918736266,152.9277520582667,False,False
robot1,454,1722894427699397334,477151.654859676,4428515.746721668,1628.2614206904468,0.9636801976532425,1.94428099641964,153.89143225591994,False,False
robot1,455,1722894428204044853,477152.612646828,4428515.77527344,1628.251127831193,0.9582126236807093,1.8987761482697825,154.84964487960065,False,False
robot1,456,1722894428700752833,477153.68258171045,4428515.79746766,1628.2496393866168,1.070165050862492,2.1545147603938637,155.91980993046315,False,False
robot1,457,1722894429202508746,477154.7494382519,4428515.812547722,1628.264539649848,1.0669631147660301,2.1264593189672207,156.98677304522917,False,False
robot1,458,1722894429699897880,477155.7329897082,4428515.810617598,1628.2253049400072,0.9835533501406051,1.9774325439917537,157.97032639536977,False,False
robot1,459,1722894430202744878,477156.5542717248,4428515.814639876,1628.2149987064274,0.8212918661935035,1.633283956441407,158.79161826156326,False,False
robot1,460,1722894430701878548,477157.3085789603,4428515.835088786,1628.1859249964516,0.7545843647336232,1.5117876739306855,159.5462026262969,False,False
robot1,461,1722894431200957742,477158.0949047201,4428515.873958037,1628.1841100904471,0.7872858560921882,1.5774767066918054,160.33348848238907,False,False
robot1,462,1722894431704990872,477158.9221175373,4428515.910907641,1628.1691998992453,0.8280376308956211,1.6428239524064634,161.16152611328468,False,False
robot1,463,1722894432204018675,477159.7713013744,4428515.930714602,1628.165233994945,0.8494148014515402,1.7021394845033673,162.0109409147362,False,False
robot1,464,1722894432701241799,477160.5420005728,4428515.942391563,1628.1540955996302,0.7707876528464097,1.5501838572913755,162.78172856758263,False,False
robot1,465,1722894433200508412,477161.2169913173,4428515.942542926,1628.1555207012354,0.6749907614758213,1.351965164008492,163.45671932905844,False,False
robot1,466,1722894433699447506,477161.9410565191,4428515.95230904,1628.146841515401,0.7241310609772761,1.4513410673092326,164.18085039003572,False,False
robot1,467,1722894434201090663,477162.70848294446,4428515.973619079,1628.1499137180674,0.7677222388954223,1.530415707990771,164.94857262893115,False,False
robot1,468,1722894434700747183,477163.4340279198,4428516.011032978,1628.132284393934,0.7265089889538207,1.454016371717567,165.67508161788496,False,False
robot1,469,1722894435200332818,477164.18834213767,4428516.04728118,1628.1294561404873,0.7551846604804213,1.5116220671388436,166.43026627836537,False,False
robot1,470,1722894435701427461,477164.9203419212,4428516.083395055,1628.130607815419,0.7328900975418021,1.4625783778891952,167.16315637590716,False,False
robot1,471,1722894436201601848,477165.7236842777,4428516.109293069,1628.1282150975846,0.8037596959457001,1.6069592573770004,167.96691607185286,False,False
robot1,472,1722894436701760530,477166.50101626286,4428516.1346497,1628.110593838774,0.7777454428766164,1.554997059820806,168.74466151472947,False,False
robot1,473,1722894437200924854,477167.20147787005,4428516.14594322,1628.111946530251,0.7005526438114099,1.4034508950882225,169.4452141585409,False,False
robot1,474,1722894437698962539,477167.9494422103,4428516.157807631,1628.1074357216935,0.7480584325889351,1.502012032068949,170.19327259112984,False,False
robot1,475,1722894438204020740,477168.7156064085,4428516.163062121,1628.1017239221646,0.7661822160646895,1.5170174084809587,170.95945480719453,False,False
robot1,476,1722894438700442499,477169.4813846703,4428516.166471217,1628.0910668819822,0.7657858500979369,1.5426111999022052,171.72524065729246,False,False
robot1,477,1722894439200637761,477170.243180249,4428516.160029425,1628.0895687273394,0.7618228143103588,1.5230515581029258,172.48706347160282,False,False
robot1,478,1722894439700121441,477171.0308205509,4428516.151578452,1628.0800575655023,0.7876856378960952,1.5769992948739748,173.2747491094989,False,False
robot1,479,1722894440200985148,477171.86226167966,4428516.128645316,1628.0790618028927,0.8317573440149735,1.6606457878789396,174.10650645351387,False,False
robot1,480,1722894440701702903,477172.67558986414,4428516.102072155,1628.0677314572931,0.8137621695155455,1.6251917340889561,174.92026862302941,False,False
robot1,481,1722894441201965851,477173.4805224935,4428516.076991425,1628.0692339380587,0.8053232772026796,1.6097998779291878,175.7255919002321,False,False
robot1,482,1722894441703520773,477174.22883987066,4428516.044642215,1628.058244144764,0.7490162671040177,1.493388198541908,176.47460816733613,False,False
robot1,483,1722894442200636798,477174.89199928,4428516.006027281,1628.052330823377,0.6642827073670741,1.3362734396169638,177.1388908747032,False,False
robot1,484,1722894442700660725,477175.5089145057,4428515.975731167,1628.0466075832492,0.617658684250628,1.2352578777987901,177.75654955895382,False,False
robot1,485,1722894443202808824,477176.1245636046,4428515.942342441,1628.048453879796,0.616553825714214,1.227832511178357,178.37310338466804,False,False
robot1,486,1722894443701368250,477176.77249149047,4428515.910926966,1628.0366913753862,0.648689045181893,1.301126701590349,179.02179242984994,False,False
robot1,487,1722894444205298302,477177.52393619466,4428515.864962027,1628.0533098379408,0.7528492007269318,1.4939563425121998,179.77464163057687,False,False
robot1,488,1722894444703328094,477178.2977140804,4428515.84088944,1628.047100154808,0.7741522498676189,1.5544298584839173,180.5487938804445,False,False
robot1,489,1722894445201075734,477179.0456216238,4428515.829239332,1628.0397838831825,0.7479982743675937,1.5027653099493394,181.2967921548121,False,False
robot1,490,1722894445702170375,477179.7403127158,4428515.818963912,1628.0381119422866,0.6947670815232765,1.3864988959646374,181.99155923633538,False,False
robot1,491,1722894446205420181,477180.3977390903,4428515.799621764,1628.025109951103,0.6577108457384607,1.3069269702874282,182.64927008207383,False,False
robot1,492,1722894446701701375,477181.0301186209,4428515.791311091,1628.0129340421145,0.6324341372658067,1.2743464890512195,183.28170421933964,False,False
robot1,493,1722894447203837114,477181.62138436455,4428515.79797696,1628.0043588810386,0.5913033176293447,1.177576608223707,183.873007536969,False,False
robot1,494,1722894447700832012,477182.2090477665,4428515.802392007,1627.9997958309482,0.5876799865957287,1.1824672307692805,184.46068752356473,False,False
robot1,495,1722894448200487529,477182.7624263098,4428515.796622317,1627.9926392749728,0.5534086207264809,1.1075803972347096,185.01409614429122,False,False
robot1,496,1722894448703088211,477183.3071117322,4428515.792421305,1627.983729484304,0.5447016227860344,1.0837662093384226,185.55879776707724,False,False
robot1,497,1722894449212132764,477183.86276042747,4428515.783690372,1627.9795591847037,0.5557172858096119,1.091686217642636,186.11451505288684,False,False
robot1,498,1722894449702314643,477184.4289777296,4428515.776376691,1627.9669152649328,0.5662645345933699,1.1552130099549556,186.6807795874802,False,False
robot1,499,1722894450201459137,477184.9586157301,4428515.769343796,1627.9724817665294,0.529684692257636,1.0611854639554539,187.21046427973783,False,False
robot1,500,1722894450701315870,477185.5234748864,4428515.761890578,1627.9844719203224,0.5649083260807473,1.1301405268528084,187.77537260581857,False,False
robot1,501,1722894451200946483,477186.1049814248,4428515.75019418,1627.9847020169818,0.581624156975952,1.164108703895522,188.35699676279452,False,False
robot1,502,1722894451703740017,477186.76199311606,4428515.739885653,1627.9782626074812,0.6570925567637462,1.306883423865782,189.01408931955828,False,False
robot1,503,1722894452204138206,477187.36518430046,4428515.72896961,1627.9882937562847,0.6032899509679223,1.2056192706600606,189.61737927052621,False,False
robot1,504,1722894452706041286,477187.9464653101,4428515.712206759,1627.9771936561326,0.5815226611085778,1.158635423482948,190.1989019316348,False,False
robot1,505,1722894453201797296,477188.496229692,4428515.69863872,1627.962646151722,0.5499317841880053,1.1092787955800112,190.7488337158228,False,False
robot1,506,1722894453704195257,477189.0639279967,4428515.675808759,1627.9584862045558,0.5681571721787595,1.1308910980818987,191.31699088800156,False,False
robot1,507,1722894454203920243,477189.5992874789,4428515.657808992,1627.9480945120322,0.5356619892872925,1.0719138206790502,191.85265287728885,False,False
robot1,508,1722894454703670985,477190.0813135477,4428515.630763711,1627.9499713463747,0.48278419422631524,0.9660497660568906,192.33543707151517,False,False
robot1,509,1722894455207151016,477190.55257321446,4428515.610974826,1627.940407909934,0.4716749659710843,0.9368292332433367,192.80711203748626,False,False
robot1,510,1722894455701068605,477191.0952900809,4428515.582783602,1627.940525938088,0.5434485644380974,1.1002821376382816,193.35056060192437,False,False
robot1,511,1722894456204442032,477191.6536150876,4428515.558335558,1627.9447745940772,0.5588600182865107,1.110229574153181,193.90942062021088,False,False
robot1,512,1722894456699265923,477192.22941077215,4428515.530814907,1627.9376246976612,0.5764529959666493,1.1649658756037997,194.48587361617754,False,False
robot1,513,1722894457200897525,477192.74001513526,4428515.508873468,1627.9280819511334,0.511075574002358,1.0188267198070273,194.9969491901799,False,False
robot1,514,1722894457709728572,477193.2460848827,4428515.485374024,1627.9284823817134,0.5066150542061686,0.9956449786697493,195.50356424438607,False,False
robot1,515,1722894458205416971,477193.74980686593,4428515.461891043,1627.9266933767135,0.5042690619029662,1.0173105177011328,196.00783330628903,False,False
robot1,516,1722894458705250774,477194.3133266989,4428515.44914273,1627.917144976597,0.5636640148505433,1.1277028279374912,196.57149732113956,False,False
robot1,517,1722894459205465309,477194.87626801175,4428515.45727187,1627.9231421850009,0.5630000041156284,1.1255169887410783,197.13449732525518,False,False
robot1,518,1722894459702639084,477195.373206455,4428515.450487609,1627.9106604618169,0.4969847508794282,0.9996197802676593,197.6314820761346,False,False
robot1,519,1722894460200930940,477195.89505387394,4428515.443102403,1627.9072493889312,0.521899674174939,1.0473777544983023,198.15338175030953,False,False
robot1,520,1722894460700533158,477196.41658069,4428515.43713134,1627.9087888626864,0.5215609968841107,1.0439523162548667,198.67494274719365,False,False
robot1,521,1722894461202898821,477196.9726896554,4428515.428548584,1627.906171326657,0.5561751927740537,1.1071119137918606,199.2311179399677,False,False
robot1,522,1722894461701120545,477197.52351561975,4428515.417880268,1627.9039273864444,0.5509292658654672,1.1057915318358211,199.78204720583318,False,False
robot1,523,1722894462201293782,477198.0778714772,4428515.408461758,1627.8960193029695,0.5544358619296386,1.1084879833026184,200.33648306776283,False,False
robot1,524,1722894462700930229,477198.6631523016,4428515.40038881,1627.893498220089,0.5853364980613422,1.1715243426622854,200.92181956582417,False,False
robot1,525,1722894463201107299,477199.31597538514,4428515.390497653,1627.893130399159,0.6528980114468641,1.3053341784683248,201.57471757727103,False,False
robot1,526,1722894463700289272,477199.9174755813,4428515.376472885,1627.8876829801202,0.6016636768877781,1.205299257458427,202.1763812541588,False,False
robot1,527,1722894464199684958,477200.45710373967,4428515.36573838,1627.8775706305564,0.5397349154135053,1.080776253920658,202.7161161695723,False,False
robot1,528,1722894464702415964,477200.9706987837,4428515.346475966,1627.8812725079847,0.5139561360920136,1.0223281424349238,203.23007230566432,False,False
robot1,529,1722894465204251857,477201.4383354465,4428515.329919504,1627.9075066955406,0.4679296580282304,0.9324352989906843,203.69800196369255,False,False
robot1,530,1722894465706953380,477201.9397506815,4428515.323715676,1627.89800200323,0.5014536123781127,0.99751759545226,204.19945557607065,False,False
robot1,531,1722894466201679827,477202.51315347705,4428515.319373437,1627.8931448611063,0.5734192366495527,1.1590633006589128,204.7728748127202,False,False
robot1,532,1722894466703149049,477203.1068538556,4428515.330014899,1627.8896567938043,0.5937957394667657,1.1841122367979355,205.36667055218697,False,False
robot1,533,1722894467203935596,477203.6705902958,4428515.364992325,1627.8846075658655,0.5648204974446928,1.1278673006804565,205.93149104963166,False,False
robot1,534,1722894467703240667,477204.1947235866,4428515.490641804,1627.879480127679,0.5389837642797978,1.0794674523400936,206.47047481391147,False,False
robot1,535,1722894468199505864,477204.72168136016,4428515.68081152,1627.864889154712,0.5602222913502031,1.1288769026658934,207.03069710526168,False,False
robot1,536,1722894468701536926,477205.23223556223,4428515.884812512,1627.858451871254,0.5498017808990858,1.095154330224346,207.58049888616077,False,False
robot1,537,1722894469205509416,477205.6601977902,4428516.095704474,1627.8459811594507,0.4771028063460375,0.9466845974872945,208.0576016925068,False,False
robot1,538,1722894469706917338,477206.08179273945,4428516.366228873,1627.834148689454,0.5009248964583283,0.999036781653922,208.55852658896512,False,False
robot1,539,1722894470202714846,477206.4796689002,4428516.682971167,1627.8187634982232,0.5085578830306118,1.025736808785669,209.06708447199574,False,False
robot1,540,1722894470701220984,477206.8155735805,4428516.994647623,1627.809673089606,0.45822938280650016,0.9192056632587803,209.52531385480225,False,False
robot1,541,1722894471201724860,477207.1071770157,4428517.317312324,1627.8212456862238,0.43490812009596047,0.868939905095906,209.96022197489822,False,False
robot1,542,1722894471701504108,477207.3931720352,4428517.709136002,1627.8274448130962,0.48509684118907836,0.9706227248442872,210.4453188160873,False,False
robot1,543,1722894472203825625,477207.5700141185,4428518.096723895,1627.8377980503192,0.42602523056998387,0.8481123023416531,210.8713440466573,False,False
robot1,544,1722894472703240123,477207.6208138191,4428518.277973096,1627.8354741892283,0.18823358508180807,0.37690857233840513,211.0595776317391,False,False
robot1,545,1722894473203607774,477207.8128458383,4428518.677255909,1627.8378329778752,0.4430610129688524,0.8854709542883858,211.50263864470796,False,False
robot1,546,1722894473700669996,477207.8900533017,4428518.81650684,1627.842527144198,0.15922253068828035,0.32032717169072633,211.66186117539624,False,False
robot1,547,1722894474201887356,477207.89152965904,4428518.820839263,1627.8433693497382,0.004577063884473324,0.009131898411517717,211.66643823928072,True,False
robot1,548,1722894474700378809,477207.8834364537,4428519.086597033,1627.8464304084946,0.2658809741887455,0.5333708465284782,211.93231921346947,False,False
robot1,549,1722894475200875534,477207.834717527,4428519.235473711,1627.851614048246,0.15664545679058117,0.31298004558735054,212.08896467026005,False,False
robot1,550,1722894475700923727,477207.7762203195,4428519.423882958,1627.8569249925026,0.19728144223508368,0.394524883397071,212.28624611249515,False,False
robot1,551,1722894476205151629,477207.67582428775,4428519.598631451,1627.8561508278706,0.20153510642450295,0.3996903393453446,212.48778121891965,False,False
robot1,552,1722894476703532428,477207.56808029406,4428519.739284999,1627.8557944226184,0.17717840922143194,0.3555081950052091,212.66495962814108,False,False
robot1,553,1722894477202019162,477207.44281642814,4428519.871310698,1627.8572480084993,0.18199401456224482,0.36509315232536466,212.8469536427033,False,False
robot1,554,1722894477700488721,477207.32552873215,4428519.96147032,1627.8586415605707,0.1479363412877398,0.2967809333987644,212.99488998399104,False,False
robot1,555,1722894478201424487,477207.18001267815,4428520.069771609,1627.858363807831,0.18139484903063166,0.36211214676126635,213.17628483302167,False,False
robot1,556,1722894478706113228,477206.9957450487,4428520.207436917,1627.861107133879,0.2300136872371121,0.45575333953132896,213.4062985202588,False,False
robot1,557,1722894479203816819,477206.76854888885,4428520.564428286,1627.8664381180963,0.4231559193906475,0.8502172029686295,213.82945443964942,False,False
robot1,558,1722894479700439794,477206.5946801616,4428520.913690285,1627.867428027899,0.3901464831893768,0.7855988392766237,214.2196009228388,False,False
robot1,559,1722894480205928510,477206.4636800751,4428521.304483082,1627.862018301904,0.4121650556665956,0.8153790875855589,214.6317659785054,False,False
robot1,560,1722894480703077783,477206.333548753,4428521.775081803,1627.8509228387122,0.48825947726655566,0.9821185445663468,215.12002545577195,False,False
robot1,561,1722894481201923703,477206.2330366947,4428522.221582793,1627.8415564066852,0.4576743466537558,0.917466544346053,215.5776998024257,False,False
robot1,562,1722894481701680569,477206.2116438845,4428522.689802065,1627.8367557276683,0.4687077328901518,0.9378711746306628,216.04640753531586,False,False
robot1,563,1722894482202463487,477206.2034671039,4428523.18589789,1627.8217904631758,0.4961632063244509,0.9907753969722793,216.5425707416403,False,False
robot1,564,1722894482704437107,477206.1904902228,4428523.585193304,1627.8131140404037,0.39950622988969864,0.795870951801429,216.94207697153,False,False
robot1,565,1722894483201236307,477206.1834634324,4428524.018645943,1627.806509751002,0.4335095914324467,0.8726051989456762,217.37558656296247,False,False
robot1,566,1722894483699305657,477206.17947356176,4428524.508967769,1627.7865976673206,0.4903380592060352,0.9844771358724926,217.8659246221685,False,False
robot1,567,1722894484200941199,477206.19480333326,4428524.977557517,1627.7768875799302,0.46884043468111647,0.9346236193257194,218.33476505684962,False,False
robot1,568,1722894484702566739,477206.2094556886,4428525.49586171,1627.7661467237583,0.5185112615991945,1.0336625010019387,218.85327631844882,False,False
robot1,569,1722894485202295917,477206.2395582543,4428526.096731822,1627.7500378467614,0.6016236829661644,1.2038995026563324,219.45490000141498,False,False
robot1,570,1722894485703286239,477206.2866645484,4428526.775546143,1627.7335288995723,0.6804468275323995,1.3582033509191205,220.13534682894738,False,False
robot1,571,1722894486202146754,477206.357120198,4428527.536040306,1627.7201438889902,0.7637508565741746,1.530990541711486,220.89909768552155,False,False
robot1,572,1722894486700904003,477206.35799604433,4428528.255987491,1627.7078634699142,0.7199477181192527,1.4434835785835314,221.6190454036408,False,False
robot1,573,1722894487205732585,477206.3716581524,4428528.934464412,1627.6816564845349,0.6786144595024107,1.3442470108216422,222.2976598631432,False,False
robot1,574,1722894487707569697,477206.3764178323,4428529.647841131,1627.6719717633669,0.7133925977215251,1.4215623323550168,223.01105246086473,False,False
robot1,575,1722894488200628868,477206.3836017628,4428530.394694605,1627.646939651382,0.7468880236560935,1.5148033453750906,223.75794048452082,False,False
robot1,576,1722894488702719618,477206.3968314968,4428531.146615172,1627.6311022151765,0.7520369437596596,1.4978109631647698,224.50997742828048,False,False
robot1,577,1722894489202979134,477206.4086785994,4428531.894454526,1627.6062114466863,0.7479331876574032,1.495090723999255,225.25791061593787,False,False
robot1,578,1722894489701936951,477206.4293338437,4428532.600697831,1627.5899162323117,0.7065452891599053,1.4160419711878824,225.9644559050978,False,False
robot1,579,1722894490201812577,477206.44680763007,4428533.312240535,1627.5704712573895,0.7117572289964744,1.4238688717650843,226.67621313409427,False,False
robot1,580,1722894490701855324,477206.4723413314,4428534.033808483,1627.5650558031916,0.7220195791285732,1.4439159144728662,227.39823271322285,False,False
robot1,581,1722894491201341798,477206.4954187394,4428534.705887168,1627.5458322565764,0.6724747768209555,1.3463323813766126,228.07070749004382,False,False
robot1,582,1722894491702934212,477206.5287091837,4428535.552125505,1627.5229125528128,0.8468928960992631,1.6884077538894378,228.91760038614308,False,False
robot1,583,1722894492202707548,477206.5678604664,4428536.485409644,1627.4959472651044,0.9341049767217396,1.8690575189516174,229.8517053628648,False,False
robot1,584,1722894492700763785,477206.606258956,4428537.302376826,1627.4719089091604,0.8178690727991036,1.6421213611860084,230.66957443566392,False,False
robot1,585,1722894493201318042,477206.633524639,4428538.109116025,1627.4586581313622,0.8071998219971465,1.6126125958105353,231.47677425766108,False,False
robot1,586,1722894493699223310,477206.6430098185,4428538.939003718,1627.4456143336636,0.829941896350905,1.6668671179439745,232.30671615401198,False,False
robot1,587,1722894494201798815,477206.6641538981,4428539.706952957,1627.4204596102172,0.7682402660108029,1.5286062656414272,233.07495642002277,False,False
robot1,588,1722894494700397044,477206.68022157776,4428540.509473988,1627.3972174376408,0.8026818638753486,1.6098775063118667,233.8776382838981,False,False
robot1,589,1722894495204891765,477206.6948872559,4428541.332745985,1627.364752458787,0.8234026133121215,1.6321334338807887,234.70104089721022,False,False
robot1,590,1722894495703160412,477206.7101095637,4428542.128615665,1627.3528503555362,0.7960152425626562,1.5975625109175695,235.49705613977287,False,False
robot1,591,1722894496200497498,477206.6291042604,4428542.887845978,1627.3328650294077,0.7635394732275838,1.5352554007948997,236.26059561300045,False,False
robot1,592,1722894496701583653,477206.5603583666,4428543.687005247,1627.3212014824244,0.8021106749729859,1.6007437819534849,237.06270628797344,False,False
robot1,593,1722894497205252170,477206.4854294744,4428544.505337883,1627.300207651503,0.8217558285140705,1.6315408892142962,237.8844621164875,False,False
robot1,594,1722894497704525699,477206.4150939371,4428545.308897641,1627.2896186069424,0.8066321169621636,1.6156115928775638,238.69109423344966,False,False
robot1,595,1722894498202639452,477206.3667707267,4428546.076537523,1627.2714308200198,0.7691593608761228,1.544144370182538,239.4602535943258,False,False
robot1,596,1722894498704118388,477206.3906200212,4428546.865050848,1627.2515097792866,0.7888739134532684,1.5730948939635476,240.24912750777906,False,False
robot1,597,1722894499203370758,477206.42403479846,4428547.637063529,1627.23709840666,0.7727354838784523,1.5477847271408627,241.0218629916575,False,False
robot1,598,1722894499700881288,477206.4689948896,4428548.412583724,1627.2519699308154,0.7768223616727654,1.5614184900800958,241.79868535333028,False,False
robot1,599,1722894500200950951,477206.50479934434,4428549.17450857,1627.216079725005,0.7627656455831872,1.5253189111757663,242.56145099891347,False,False
robot1,600,1722894500701659830,477206.52741866815,4428549.9010573225,1627.1918744563884,0.7269007662179945,1.4517434873406103,243.28835176513147,False,False
robot1,601,1722894501200615247,477206.5601901806,4428550.672221709,1627.1753144635013,0.7718604038852815,1.5469531670740941,244.06021216901675,False,False
robot1,602,1722894501701004481,477206.57349080313,4428551.424735844,1627.1789246856492,0.7526316695924316,1.5040921401183132,244.81284383860918,False,False
robot1,603,1722894502206601558,477206.5827010381,4428552.124150944,1627.153047065721,0.6994757395838839,1.3834653111743096,245.51231957819306,False,False
robot1,604,1722894502700149619,477206.60640079714,4428552.859490795,1627.1146935750403,0.7357216696697984,1.4906785943143146,246.24804124786286,False,False
robot1,605,1722894503200971825,477206.61843728,4428553.56733702,1627.1050532557224,0.7079485542786695,1.4135723314447821,246.95598980214152,False,False
robot1,606,1722894503700726380,477206.6440688532,4428554.124864923,1627.1141593158898,0.558116779580532,1.1167820580394383,247.51410658172205,False,False
robot1,607,1722894504201983026,477206.6574913386,4428554.797785253,1627.0989549542894,0.6730541837164271,1.342733529350918,248.18716076543848,False,False
robot1,608,1722894504702512064,477206.69633548986,4428555.746219619,1627.0638414189616,0.9492294846513507,1.8964523299555434,249.13639025008982,False,False
robot1,609,1722894505202440965,477206.7356292213,4428556.601211308,1627.0792373058266,0.855894143309901,1.7120315619787028,249.99228439339973,False,False
robot1,610,1722894505703487313,477206.7808615482,4428557.37129328,1627.0344420634788,0.7714092351529731,1.539597076733755,250.76369362855272,False,False
robot1,611,1722894506206962680,477206.84142918536,4428558.188365511,1627.0115080555588,0.8193140230377138,1.6273168025268276,251.58300765159044,False,False
robot1,612,1722894506704418805,477206.8568467784,4428559.0149423545,1626.9902220660658,0.8267206184545068,1.6618959257593817,252.40972827004495,False,False
robot1,613,1722894507205006354,477206.8853040131,4428559.83188852,1626.96307481709,0.8174416503658387,1.632964686826562,253.2271699204108,False,False
robot1,614,1722894507701197079,477206.9023484482,4428560.5919299,1626.9495400974638,0.7602324726932187,1.5321374229207336,253.98740239310402,False,False
robot1,615,1722894508202543569,477206.9274919453,4428561.33794547,1626.9363983663704,0.7464391635813096,1.4888692497788618,254.73384155668532,False,False
robot1,616,1722894508699198562,477206.94966667495,4428562.123005712,1626.922984735886,0.7853733528599238,1.5813258154797414,255.51921490954524,False,False
robot1,617,1722894509203827297,477206.9640321757,4428562.873512755,1626.909779618939,0.7506445156128362,1.4875186006072956,256.2698594251581,False,False
robot1,618,1722894509700160752,477206.9811160085,4428563.61169842,1626.892808452822,0.7383833237689998,1.4876754769814644,257.00824274892705,False,False
robot1,619,1722894510200726707,477206.9805422974,4428564.433491915,1626.890817708177,0.8217936959371754,1.6417289359808256,257.8300364448642,False,False
robot1,620,1722894510699155782,477206.9888297299,4428565.283356793,1626.8742887450803,0.8499052841275584,1.7051680015562098,258.67994172899176,False,False
robot1,621,1722894511199413663,477206.9835804786,4428566.066453214,1626.858220154019,0.7831140137697276,1.5654203679906167,259.46305574276147,False,False
robot1,622,1722894511703020102,477206.9794015592,4428566.811813554,1626.848933636247,0.7453720546141126,1.4800689067235424,260.2084277973756,False,False
robot1,623,1722894512201490732,477206.9764293471,4428567.605291802,1626.839441527622,0.7934838152797867,1.5918369170121687,261.00191161265536,False,False
robot1,624,1722894512701326305,477206.9612611717,4428568.392840389,1626.8226057352883,0.7876946426128053,1.5759070349867657,261.78960625526815,False,False
robot1,625,1722894513203962651,477206.9421138816,4428569.223558269,1626.8041522579665,0.8309385147727799,1.6531609229756299,262.6205447700409,False,False
robot1,626,1722894513702146523,477206.928008626,4428570.018625804,1626.78632951107,0.7951926452752387,1.5961827357993597,263.41573741531613,False,False
robot1,627,1722894514204527160,477206.9033243874,4428570.735301516,1626.7705340663574,0.717100681573348,1.4274051744740945,264.1328380968895,False,False
robot1,628,1722894514705244093,477206.8860505461,4428571.51829006,1626.756606765451,0.7831790632015057,1.5641154205478385,264.916017160091,False,False
robot1,629,1722894515204398826,477206.86702227633,4428572.328326694,1626.741827365914,0.8102600962810825,1.6232641383373907,265.72627725637204,False,False
robot1,630,1722894515702222811,477206.84788636497,4428573.041946541,1626.7176448740536,0.7138763680939184,1.4339936093685632,266.44015362446595,False,False
robot1,631,1722894516204741942,477206.82575275295,4428573.790053502,1626.7132570715346,0.7484343138077078,1.4893648183205361,267.18858793827366,False,False
robot1,632,1722894516707584888,477206.804658016,4428574.616452626,1626.6903391072212,0.8266683134427264,1.6439892226482502,268.0152562517164,False,False
robot1,633,1722894517208371842,477206.8329756769,4428575.462031935,1626.68489814908,0.8460533425181197,1.6894474281200862,268.8613095942345,False,False
robot1,634,1722894517704389544,477206.8778016333,4428576.307207368,1626.6633332657073,0.8463633255686444,1.7063168007895735,269.70767291980314,False,False
robot1,635,1722894518206183133,477206.8971018632,4428577.083103089,1626.645137314803,0.7761357276444218,1.5467229795583208,270.4838086474476,False,False
robot1,636,1722894518705371548,477206.9169941919,4428577.815065858,1626.6308741741047,0.7322330232730189,1.4668469646042008,271.2160416707206,False,False
robot1,637,1722894519201328252,477206.9306563567,4428578.633617525,1626.607797667895,0.8186656743458425,1.6506806643672625,272.0347073450664,False,False
robot1,638,1722894519701830239,477206.9409124047,4428579.445085218,1626.5929579618585,0.8115325031120495,1.6214367285645126,272.84623984817847,False,False
robot1,639,1722894520201130065,477206.9338475377,4428580.206941592,1626.5797926397677,0.761889129752665,1.5259152591678131,273.60812897793113,False,False
robot1,640,1722894520701907843,477206.9239143466,4428580.954631653,1626.5661052996,0.7477560402719929,1.493188798754999,274.35588501820314,False,False
robot1,641,1722894521202801947,477206.929841727,4428581.7556685,1626.5515155840212,0.8010587776813012,1.599257859464074,275.15694379588444,False,False
robot1,642,1722894521704663111,477206.9187119728,4428582.546344737,1626.5438308351015,0.7907545648594768,1.5756442809825009,275.9476983607439,False,False
robot1,643,1722894522200146603,477206.9142562609,4428583.37299125,1626.5174964355017,0.8266585215967693,1.6683871274580255,276.77435688234067,False,False
robot1,644,1722894522701128438,477206.9116492329,4428584.240993819,1626.50488995233,0.8680064843717802,1.7326107874887544,277.64236336671246,False,False
robot1,645,1722894523199050023,477206.9062649111,4428585.135750884,1626.4820716974918,0.8947732652867489,1.7970168488375846,278.5371366319992,False,False
robot1,646,1722894523703827665,477206.90386325936,4428586.007345641,1626.468388347237,0.8715980656730662,1.7266969551848672,279.4087346976723,False,False
robot1,647,1722894524201384527,477206.8975241503,4428586.882619544,1626.4569678855144,0.8752968578728519,1.7591893795661682,280.28403155554514,False,False
robot1,648,1722894524702651113,477206.8970919752,4428587.7150922725,1626.4433271086684,0.8324728407463798,1.6607390974751073,281.11650439629153,False,False
robot1,649,1722894525203653156,477206.88743824296,4428588.533472699,1626.4224653958674,0.8184373630360897,1.6336007507211885,281.9349417593276,False,False
robot1,650,1722894525703120217,477206.8803222599,4428589.360564384,1626.3969670841482,0.8271222956076824,1.6560094519050084,282.7620640549353,False,False
robot1,651,1722894526201057361,477206.8762026481,4428590.180027266,1626.3726421611798,0.8194732373658095,1.645736903573506,283.5815372923011,False,False
robot1,652,1722894526700037548,477206.86872103706,4428590.955148271,1626.3494580345375,0.7751571113565764,1.5534817030685686,284.3566944036577,False,False
robot1,653,1722894527199001972,477206.8590331936,4428591.688478436,1626.330039623038,0.7333941540960817,1.4698335938774152,285.09008855775375,False,False
robot1,654,1722894527704130057,477206.85465534136,4428592.440262748,1626.3167175325511,0.7517970582341187,1.4883293781023,285.84188561598785,False,False
robot1,655,1722894528208626701,477206.8519795644,4428593.214081513,1626.3016479259702,0.7738233910873876,1.5338518924654028,286.6157090070752,False,False
robot1,656,1722894528711843864,477206.86514266,4428593.944329203,1626.28688276819,0.7303663165394637,1.4513944139951243,287.3460753236147,False,False
robot1,657,1722894529202393454,477206.9733965262,4428594.524206499,1626.2678157980831,0.5898953953204366,1.2025194560883126,287.9359707189351,False,False
robot1,658,1722894529701744122,477207.1638048449,4428595.080569898,1626.260729049876,0.5880438416798138,1.1776167334070575,288.5240145606149,False,False
robot1,659,1722894530202843423,477207.3722292776,4428595.703897322,1626.23449745194,0.6572501969886997,1.3116165477413444,289.18126475760357,False,False
robot1,660,1722894530701696254,477207.5977183531,4428596.314367048,1626.22175667371,0.6507830748808673,1.3045595142783302,289.8320478324844,False,False
robot1,661,1722894531204203463,477207.849527897,4428596.900570576,1626.1932409707372,0.6379989202405367,1.26963077369386,290.47004675272495,False,False
robot1,662,1722894531701341865,477208.1339711147,4428597.418983088,1626.206301243431,0.5913201133649434,1.189448004323449,291.0613668660899,False,False
robot1,663,1722894532201130177,477208.5159953953,4428597.899843684,1626.2019105541185,0.6141412412988742,1.2288027962817818,291.67550810738874,False,False
robot1,664,1722894532704343255,477209.0085306751,4428598.411920063,1626.1980280376931,0.7105020897546165,1.411930641086684,292.3860101971434,False,False
robot1,665,1722894533205216219,477209.4762506441,4428598.781203608,1626.2027845199607,0.5959297826718639,1.1897825609322341,292.98193997981525,False,False
robot1,666,1722894533698872129,477209.9292744214,4428599.051954806,1626.1944132731228,0.5277658135581363,1.0690964944317243,293.50970579337337,False,False
robot1,667,1722894534214086841,477210.4545395526,4428599.366447447,1626.177595870047,0.6122165297608538,1.1882740696030984,294.12192232313424,False,False
robot1,668,1722894534707004729,477210.9503454297,4428599.614677585,1626.1687506039125,0.5544742276214248,1.124881784543668,294.67639655075567,False,False
robot1,669,1722894535203136242,477211.473232138,4428599.86056682,1626.168858517737,0.577816602192085,1.1646442429190997,295.2542131529477,False,False
robot1,670,1722894535700031771,477212.0365544485,4428600.065339325,1626.1732136089774,0.5993861895708724,1.206261934812096,295.8535993425186,False,False
robot1,671,1722894536203567449,477212.4968283488,4428600.208907796,1626.18280750387,0.4821451743882627,0.9575197094658464,296.33574451690686,False,False
robot1,672,1722894536700315045,477213.07512807,4428600.300932796,1626.1754696074022,0.5855759285929503,1.178818965094094,296.9213204454998,False,False
robot1,673,1722894537200515950,477213.6046622869,4428600.363368786,1626.1555552039074,0.533202344041305,1.0659772098485656,297.4545227895411,False,False
robot1,674,1722894537701392565,477214.144991392,4428600.419412486,1626.1477278883474,0.5432277958350797,1.0845534940867458,297.9977505853762,False,False
robot1,675,1722894538200807390,477214.7614193725,4428600.445087596,1626.1196331056265,0.6169624514040403,1.2353710716985662,298.61471303678024,False,False
robot1,676,1722894538703907877,477215.31538004224,4428600.468218459,1626.111518121328,0.5544433789187845,1.102053157194337,299.16915641569904,False,False
robot1,677,1722894539201184564,477215.9405252418,4428600.481002122,1626.0850673703346,0.6252758931455821,1.2574001331543811,299.7944323088446,False,False
robot1,678,1722894539700633574,477216.508018465,4428600.482448208,1626.0547454990387,0.5674950656907835,1.1362422370037228,300.36192737453536,False,False
robot1,679,1722894540201753461,477217.1049120283,4428600.474363857,1626.0413820378008,0.5969483081681263,1.1912286166812196,300.9588756827035,False,False
robot1,680,1722894540699586021,477217.73658314656,4428600.452261827,1626.0147125566004,0.6320576725049636,1.2696184423730037,301.59093335520845,False,False
robot1,681,1722894541201907136,477218.349264865,4428600.424321995,1625.998335731229,0.6133184509677658,1.2209691512491672,302.2042518061762,False,False
robot1,682,1722894541704329106,477218.9854787103,4428600.37427216,1625.9747346578226,0.6381794755199953,1.2702058343032512,302.84243128169624,False,False
robot1,683,1722894542201775097,477219.6007189936,4428600.32329909,1625.9581312559212,0.6173482485490692,1.2410361521627784,303.4597795302453,False,False
robot1,684,1722894542700693265,477220.16301798605,4428600.260680004,1625.9363196018655,0.5657749613700811,1.134003778802195,304.0255544916154,False,False
robot1,685,1722894543200216541,477220.71194262354,4428600.2032931335,1625.9179656713266,0.551916216967634,1.1048856081117777,304.57747070858306,False,False
robot1,686,1722894543704990674,477221.2752318747,4428600.155876081,1625.90783940077,0.5652814850339257,1.1198702393205546,305.142752193617,False,False
robot1,687,1722894544201278706,477221.8604366582,4428600.099906734,1625.890366340817,0.5878751622891251,1.1845442361365972,305.73062735590617,False,False
robot1,688,1722894544702431538,477222.4272978018,4428600.086395117,1625.870621417645,0.5670221511904555,1.1314357685498209,306.2976495070966,False,False
robot1,689,1722894545201033029,477222.9752442681,4428600.080743935,1625.8533291200977,0.5479756068830185,1.0990253269289194,306.8456251139796,False,False
robot1,690,1722894545701484342,477223.5141426563,4428600.076467292,1625.8362790835313,0.538915357447078,1.076858685450626,307.3845404714267,False,False
robot1,691,1722894546201529813,477224.0976543989,4428600.0627018735,1625.820168645791,0.5836740875662815,1.1672418675322085,307.968214558993,False,False
robot1,692,1722894546701762183,477224.67130919854,4428600.056047646,1625.8011187935897,0.5736933919058658,1.1468535929637913,308.54190795089886,False,False
robot1,693,1722894547199167757,477225.275634943,4428600.0466627,1625.7962558024071,0.6043986123441769,1.2151023200974134,309.14630656324306,False,False
robot1,694,1722894547702665089,477225.915694155,4428600.032171913,1625.7788766528497,0.6402232249451928,1.2715516900953403,309.78652978818826,False,False
robot1,695,1722894548200639197,477226.6131535173,4428600.016153643,1625.7598520947297,0.6976432806909557,1.4009634926489491,310.4841730688792,False,False
robot1,696,1722894548700143065,477227.3329899044,4428600.003316912,1625.7439091351112,0.7199508357068981,1.44133190235977,311.20412390458614,False,False
robot1,697,1722894549202930027,477228.130865444,4428599.982453129,1625.730823717255,0.7981482783097759,1.5874485161791743,312.0022721828959,False,False
robot1,698,1722894549700743387,477228.8614483055,4428599.962652981,1625.7219004258402,0.7308511225431928,1.4681224525929133,312.7331233054391,False,False
robot1,699,1722894550200390027,477229.5402626647,4428599.943855831,1625.7061812341817,0.6790745667133573,1.359109579019646,313.4121978721525,False,False
robot1,700,1722894550704367695,477230.3362286354,4428599.926949971,1625.7081926084031,0.7961454858039695,1.5797241486159197,314.20834335795644,False,False
robot1,701,1722894551201257786,477231.0817283115,4428599.900810102,1625.6960423739206,0.7459578137035173,1.5012532180903857,314.95430117165995,False,False
robot1,702,1722894551701370074,477231.8384668676,4428599.877407397,1625.6841539586617,0.7571003426611711,1.513860686894223,315.7114015143211,False,False
robot1,703,1722894552201312253,477232.5282294527,4428599.851459055,1625.678235792784,0.6902504910034404,1.3806603027395996,316.40165200532454,False,False
robot1,704,1722894552700953757,477233.2017567137,4428599.829897621,1625.6696017584454,0.6738722925761544,1.348711187914262,317.0755242979007,False,False
robot1,705,1722894553203939960,477233.907315354,4428599.804468081,1625.6550244135908,0.7060167536083027,1.40365103159268,317.781541051509,False,False
robot1,706,1722894553700735810,477234.5416935368,4428599.777411353,1625.64534469386,0.6349549160312594,1.2781001722068133,318.41649596754024,False,False
robot1,707,1722894554200786843,477235.2872206805,4428599.7538854405,1625.6446933264897,0.745898244101372,1.4916442761193616,319.16239421164164,False,False
robot1,708,1722894554710023620,477236.0602162263,4428599.717712692,1625.631214219184,0.7738414447382185,1.5196101805760438,319.93623565637984,False,False
robot1,709,1722894555202288783,477236.770689761,4428599.688004517,1625.6253580551602,0.7110943812889985,1.4445350716652563,320.64733003766884,False,False
robot1,710,1722894555701431825,477237.46874763473,4428599.656723645,1625.625185702164,0.6987583903556918,1.3999165590917464,321.34608842802453,False,False
robot1,711,1722894556200594413,477238.23256142245,4428599.621739455,1625.6184313635042,0.7646145407101652,1.5317943039676396,322.1107029687347,False,False
robot1,712,1722894556701715118,477238.9949144655,4428599.572201886,1625.5880002551653,0.7639608189949043,1.5245042916672114,322.8746637877296,False,False
robot1,713,1722894557201561526,477239.75198427227,4428599.54732113,1625.5887587096595,0.7574785438096506,1.5154224482878162,323.6321423315393,False,False
robot1,714,1722894557707193422,477240.50104354415,4428599.518810859,1625.573837476279,0.7496016464261562,1.4825052865213828,324.3817439779654,False,False
robot1,715,1722894558213775237,477241.2209462285,4428599.496129733,1625.572416767944,0.7202598894836578,1.4218031011991779,325.10200386744907,False,False
robot1,716,1722894558701270045,477241.97567291337,4428599.468021206,1625.5541893979866,0.7552499309269054,1.5492474480554579,325.85725379837595,False,False
robot1,717,1722894559202971218,477242.70559558907,4428599.487008356,1625.549285581362,0.7301695860324919,1.4553876041502063,326.58742338440845,False,False
robot1,718,1722894559701000591,477243.4375095072,4428599.489136432,1625.5314249373537,0.7319170118442642,1.4696259062584258,327.3193403962527,False,False
robot1,719,1722894560199851074,477244.2388795602,4428599.489699215,1625.5181522515395,0.8013702506422887,1.6064341895159722,328.12071064689496,False,False
robot1,720,1722894560700890531,477245.0449502872,4428599.496523784,1625.496154105118,0.8060996164708876,1.6088544085222019,328.92681026336584,False,False
robot1,721,1722894561199351945,477245.8807085584,4428599.505067925,1625.48779158879,0.8358019444011949,1.6767633402080881,329.762612207767,False,False
robot1,722,1722894561700021355,477246.72230336274,4428599.508637657,1625.471716974968,0.8416023750163197,1.6809548224229378,330.6042145827833,False,False
robot1,723,1722894562200716120,477247.55710312224,4428599.513896464,1625.4542730480166,0.834816323215941,1.6673159051810345,331.43903090599923,False,False
robot1,724,1722894562700252177,477248.3743801037,4428599.507749377,1625.4324606967707,0.8173000985867823,1.6361183925126863,332.256331004586,False,False
robot1,725,1722894563201995928,477249.2261230575,4428599.516444873,1625.4190253935672,0.8517873390322924,1.6976531555270291,333.1081183436183,False,False
robot1,726,1722894563701032208,477250.108667992,4428599.506440084,1625.3906385875346,0.8826016413064779,1.7686129076595272,333.99071998492474,False,False
robot1,727,1722894564202059952,477250.89989829145,4428599.507832,1625.3841317803424,0.7912315237651497,1.5792167385551221,334.7819515086899,False,False
robot1,728,1722894564703112032,477251.6935101293,4428599.5047854725,1625.362755732539,0.7936176853453131,1.5839031464730973,335.5755691940352,False,False
robot1,729,1722894565201788848,477252.438751373,4428599.496134066,1625.3405536018008,0.7452914585053853,1.4945374172703765,336.3208606525406,False,False
robot1,730,1722894565703266830,477253.0762192132,4428599.4968407815,1625.328932328197,0.6374682319634101,1.2711789687964865,336.958328884504,False,False
robot1,731,1722894566201140621,477253.829745672,4428599.493324691,1625.3097929963142,0.7535346621177851,1.513505405744411,337.71186354662177,False,False
robot1,732,1722894566700986589,477254.6364490135,4428599.48062328,1625.2935565983908,0.8068033261100807,1.6141038556134901,338.51866687273184,False,False
robot1,733,1722894567201463275,477255.4050529226,4428599.4730633255,1625.279880785211,0.768641087909397,1.5358182377459912,339.2873079606412,False,False
robot1,734,1722894567704161549,477256.0981696624,4428599.454814254,1625.2644132087585,0.6933569380848446,1.3792701716586035,339.98066489872605,False,False
robot1,735,1722894568205280339,477256.8279549006,4428599.449244015,1625.2463271480024,0.7298064959205128,1.4563546605101951,340.71047139464656,False,False
robot1,736,1722894568701500304,477257.63729551056,4428599.4453111,1625.230345437591,0.809350165694465,1.6310305575525261,341.51982156034103,False,False
robot1,737,1722894569201512420,477258.3389654358,4428599.442668324,1625.2103088475103,0.7016749021114542,1.4033163465539709,342.2214964624525,False,False
robot1,738,1722894569699047548,477258.9509648553,4428599.45563706,1625.1942209965496,0.6121368128103382,1.2303392218266096,342.8336332752628,False,False
robot1,739,1722894570198988950,477259.6172368761,4428599.464568335,1625.1798796033386,0.6663318792779195,1.3328188297163703,343.49996515454075,False,False
robot1,740,1722894570703801530,477260.3052077706,4428599.476171531,1625.166535554845,0.6880687362809856,1.3630184769161844,344.1880338908217,False,False
robot1,741,1722894571207079156,477261.0407994241,4428599.475665606,1625.148112192198,0.7355918274841718,1.4616027315301072,344.9236257183059,False,False
robot1,742,1722894571705289101,477261.716661139,4428599.4779059095,1625.1371355998556,0.6758654278725015,1.3565875659142632,345.5994911461784,False,False
robot1,743,1722894572206061029,477262.284308629,4428599.482917863,1625.1338935869517,0.5676696157024972,1.1335889714859844,346.1671607618809,False,False
robot1,744,1722894572702206586,477262.8741627807,4428599.48656444,1625.134929070232,0.5898654234743222,1.1888966494408624,346.75702618535524,False,False
robot1,745,1722894573204004795,477263.49256437033,4428599.483558807,1625.1205970807882,0.6184088937635936,1.2323851659020504,347.37543507911886,False,False
robot1,746,1722894573703373502,477264.08607637,4428599.474365871,1625.110268608063,0.5935831902754587,1.1886667013471524,347.9690182693943,False,False
robot1,747,1722894574205243286,477264.7132340476,4428599.474009544,1625.099544937982,0.627157778831381,1.2496426975010744,348.5961760482257,False,False
robot1,748,1722894574700499775,477265.3489302924,4428599.493257054,1625.0946993787331,0.6359875646227333,1.2841581327710156,349.2321636128484,False,False
robot1,749,1722894575201267584,477265.9256761303,4428599.505840725,1625.096087359528,0.576883099317462,1.1519968553202826,349.80904671216587,False,False
robot1,750,1722894575702901735,477266.5973708585,4428599.524960767,1625.0854403656335,0.6719668026515068,1.3395556135431295,350.4810135148174,False,False
robot1,751,1722894576199291952,477267.2788275411,4428599.536243211,1625.077591396542,0.6815500743394577,1.373013016262779,351.16256358915683,False,False
robot1,752,1722894576701320843,477267.9852348567,4428599.548454419,1625.048335466078,0.7065128513836245,1.407314981516379,351.8690764405405,False,False
robot1,753,1722894577200196092,477268.61974899657,4428599.56665729,1625.042883105872,0.6347751871203866,1.2724129441787821,352.5038516276609,False,False
robot1,754,1722894577700320087,477269.1582229564,4428599.564286258,1625.0443173255749,0.5384791799270531,1.0766913884938916,353.0423308075879,False,False
robot1,755,1722894578204354425,477269.77414787473,4428599.597442992,1625.0354086251575,0.6168167264441744,1.2237594742431819,353.6591475340321,False,False
robot1,756,1722894578700750635,477270.41750899353,4428599.616076634,1625.0271398138505,0.6436309049465412,1.2966069667065943,354.30277843897863,False,False
robot1,757,1722894579202420928,477271.0416366602,4428599.6375802485,1625.0202918103807,0.6244979981493209,1.244837341886726,354.92727643712794,False,False
robot1,758,1722894579700603688,477271.698175423,4428599.654001106,1625.0103724866117,0.6567440838498292,1.3182793919530582,355.5840205209778,False,False
robot1,759,1722894580201418317,477272.348740602,4428599.67843174,1625.0095752720736,0.6510237384579691,1.2999300523997384,356.23504425943577,False,False
robot1,760,1722894580701616216,477273.0403118545,4428599.697710252,1624.994115709324,0.6918399079938448,1.3831324069788087,356.9268841674296,False,False
robot1,761,1722894581199296001,477273.7576692141,4428599.716499858,1624.9911935950065,0.7176033936850332,1.4418973386521978,357.6444875611146,False,False
robot1,762,1722894581703480881,477274.37236298405,4428599.739872125,1624.9858347146312,0.6151379468869563,1.220064628988146,358.25962550800153,False,False
robot1,763,1722894582205690096,477274.8517909077,4428599.750014807,1624.977762308078,0.47953519990722177,0.9548510562768661,358.73916070790875,False,False
robot1,764,1722894582701499915,477275.4813108897,4428599.763954478,1624.9592946398575,0.6296742985143217,1.269991651646375,359.36883500642307,False,False
robot1,765,1722894583203640599,477276.1911070674,4428599.788476275,1624.9557413658256,0.7102196367239106,1.414384232307429,360.079054643147,False,False
robot1,766,1722894583703526887,477276.8435225748,4428599.806342315,1624.9443568920271,0.65266008740239,1.3056165164442164,360.7317147305494,False,False
robot1,767,1722894584204143868,477277.5351660233,4428599.82201135,1624.9417068920814,0.6918209150410182,1.3819371032495957,361.42353564559045,False,False
robot1,768,1722894584700950445,477278.2838697472,4428599.835395984,1624.9433439136058,0.7488233534089106,1.507272571586449,362.17235899899936,False,False
robot1,769,1722894585164523321,477278.93466088857,4428599.841899516,1624.9288733936278,0.6508236363426597,1.403929910899735,362.823182635342,False,False
robot1,770,1722894585706478564,477279.8168963625,4428599.859350083,1624.928004196439,0.8824080426887069,1.628193602675354,363.7055906780307,False,False
robot1,771,1722894586200916055,477280.5543222327,4428599.865603879,1624.913115590298,0.7374523876200983,1.4914978193414614,364.44304306565084,False,False
robot1,772,1722894586699211498,477281.1944583643,4428599.878533771,1624.908072359272,0.6402667014836009,1.284913556152538,365.08330976713444,False,False
robot1,773,1722894587203841126,477281.8434960985,4428599.887111857,1624.9094027109454,0.649094418371378,1.2862795001498861,365.7324041855058,False,False
robot1,774,1722894587701947278,477282.4916855424,4428599.889672859,1624.9123408430255,0.6481945031710111,1.3013171473562661,366.3805986886768,False,False
robot1,775,1722894588201890383,477283.2049607009,4428599.883199434,1624.8951068332342,0.7133045331018013,1.4267723473407647,367.0939032217786,False,False
robot1,776,1722894588701304622,477283.8925400336,4428599.878249606,1624.898382452238,0.6875971492070118,1.3768066933376328,367.7815003709856,False,False
robot1,777,1722894589202864763,477284.55307465984,4428599.877153568,1624.8911532373286,0.6605355355604599,1.3169622207322729,368.4420359065461,False,False
robot1,778,1722894589701401813,477285.2469999599,4428599.868877881,1624.8837444041571,0.6939746458590955,1.3920215058152985,369.1360105524052,False,False
robot1,779,1722894590200427129,477285.9164817218,4428599.857950884,1624.874163275245,0.6695709288389695,1.3417580001715215,369.8055814812442,False,False
robot1,780,1722894590704310402,477286.5958062328,4428599.842032846,1624.8655676030176,0.6795109824107649,1.3485481639267738,370.48509246365495,False,False
robot1,781,1722894591200430717,477287.257803257,4428599.8294515,1624.8472437624714,0.6621165684635376,1.334588974934578,371.1472090321185,False,False
robot1,782,1722894591705354147,477287.920921042,4428599.825782693,1624.839953280161,0.6631279340672933,1.3133233574464596,371.8103369661858,False,False
robot1,783,1722894592209691437,477288.5223942563,4428599.816805197,1624.826397074278,0.6015402089646277,1.1927344665244235,372.41187717515044,False,False
robot1,784,1722894592701576680,477289.1703648649,4428599.813125163,1624.8197148219383,0.6479810585734979,1.3173414527140517,373.05985823372396,False,False
robot1,785,1722894593202243400,477289.76744860434,4428599.823492556,1624.8280739701886,0.5971737391239966,1.1927572505141726,373.65703197284796,False,False
robot1,786,1722894593700791344,477290.4498921192,4428599.836235797,1624.820999912615,0.6825624815270203,1.3691007471412646,374.339594454375,False,False
robot1,787,1722894594202799523,477291.0899798621,4428599.8451334415,1624.787631812659,0.6401495814770556,1.2751775406658705,374.97974403585204,False,False
robot1,788,1722894594699719770,477291.73230296175,4428599.83351189,1624.7863274288998,0.6424282254202697,1.2928199403680867,375.6221722612723,False,False
robot1,789,1722894595203828561,477292.3103122424,4428599.82717068,1624.784629808904,0.5780440636119546,1.1466650498933855,376.20021632488425,False,False
robot1,790,1722894595701149908,477292.9105602893,4428599.811297787,1624.787856420632,0.6004578806948662,1.207384038209574,376.8006742055791,False,False
robot1,791,1722894596209478135,477293.6124274877,4428599.786373188,1624.7587374265916,0.7023096182233823,1.3816066452163474,377.50298382380254,False,False
robot1,792,1722894596707576672,477294.2297940121,4428599.79093608,1624.7629365326025,0.6173833861140521,1.2394808316349188,378.1203672099166,False,False
robot1,793,1722894597201611277,477294.706197653,4428599.79631804,1624.7543313275914,0.4764340401268913,0.9643735052788049,378.5968012500435,False,False
robot1,794,1722894597701437414,477295.2125766401,4428599.800890474,1624.746363304282,0.5063996304012098,1.0131514467215423,379.1032008804447,False,False
robot1,795,1722894598202156294,477295.7750531535,4428599.799973206,1624.7370447014582,0.5624772613662125,1.1233395378831066,379.66567814181093,False,False
robot1,796,1722894598698864538,477296.41466882377,4428599.813636442,1624.740165558306,0.6397615881356632,1.2880023712641897,380.3054397299466,False,False
robot1,797,1722894599202443918,477297.0582737198,4428599.834934158,1624.7363811980442,0.6439571840775739,1.2787600367420653,380.9493969140242,False,False
robot1,798,1722894599705240409,477297.6501780189,4428599.849320301,1624.7193222190792,0.5920790997773064,1.1775728047647829,381.5414760138015,False,False
robot1,799,1722894600201031840,477298.3459612573,4428599.853748691,1624.7176284289023,0.6957973307432008,1.4034066478090321,382.2372733445447,False,False
robot1,800,1722894600703098431,477298.9870734251,4428599.875181126,1624.7098312471592,0.6414703118396627,1.2776603757637028,382.87874365638436,False,False
robot1,801,1722894601199391983,477299.6007403872,4428599.881944841,1624.7085601081728,0.6137042351544019,1.2365744966869578,383.49244789153875,False,False
robot1,802,1722894601700644101,477300.2029367086,4428599.885097434,1624.7073630811876,0.602204573462227,1.2014009927168638,384.094652465001,False,False
robot1,803,1722894602200741030,477300.7516532875,4428599.893075687,1624.700819020691,0.5487745771331318,1.097336191243156,384.64342704213414,False,False
robot1,804,1722894602702931249,477301.3590941903,4428599.895455627,1624.6772394231366,0.6074455650510945,1.2095928399317042,385.2508726071852,False,False
robot1,805,1722894603201877733,477301.9711032358,4428599.892814886,1624.6610506003562,0.6120147426969323,1.2266135511501768,385.86288734988216,False,False
robot1,806,1722894603700917570,477302.58023809147,4428599.899135717,1624.6651633509505,0.6091676495954579,1.220679859085667,386.4720549994776,False,False
robot1,807,1722894604199591872,477303.1440990365,4428599.89749265,1624.6775449754314,0.563863338963858,1.1307244711537745,387.0359183384415,False,False
robot1,808,1722894604700184654,477303.69596773625,4428599.902825716,1624.6619926729506,0.5518944675639681,1.1024820339893933,387.58781280600545,False,False
robot1,809,1722894605203074174,477304.2186913284,4428599.895563926,1624.6629656276743,0.5227740309328883,1.0395407745320242,388.11058683693835,False,False
robot1,810,1722894605699794482,477304.82733945537,4428599.901393762,1624.658130639741,0.6086760463696119,1.2253892925794982,388.719262883308,False,False
robot1,811,1722894606199603219,477305.42523503565,4428599.894213235,1624.649943398873,0.5979386965994493,1.1963348996598167,389.3172015799074,False,False
robot1,812,1722894606701140589,477306.0192449452,4428599.895101807,1624.6510997587732,0.5940105741476173,1.1843801633246867,389.911212154055,False,False
robot1,813,1722894607218338459,477306.62345931336,4428599.892153682,1624.6352576038007,0.6042215604607336,1.1682594678279843,390.5154337145158,False,False
robot1,814,1722894607703391221,477307.1054271858,4428599.877002568,1624.62263368352,0.48220595838596725,0.994130813195103,390.99763967290176,False,False
robot1,815,1722894608202343300,477307.591848989,4428599.87256462,1624.6275797410965,0.4864420479890039,0.9749272503441494,391.48408172089074,False,False
robot1,816,1722894608703814343,477308.10109260894,4428599.863481594,1624.6164450474923,0.5093246173035725,1.0156610731285287,391.9934063381943,False,False
robot1,817,1722894609204106208,477308.6795601555,4428599.847725614,1624.6069902255836,0.5786820831264035,1.1566890662042486,392.5720884213207,False,False
robot1,818,1722894609701231935,477309.2335523936,4428599.847345023,1624.6064305887655,0.5539923688606745,1.1143910921520173,393.1260807901814,False,False
robot1,819,1722894610200872974,477309.7953839612,4428599.848469383,1624.597933099943,0.5618326926083769,1.1244728880441093,393.6879134827898,False,False
robot1,820,1722894610701648182,477310.2846498105,4428599.848145594,1624.584514875347,0.4892659564876923,0.9770168778769006,394.1771794392775,False,False
robot1,821,1722894611203823194,477310.750379311,4428599.854162296,1624.5835714913392,0.46576836335739374,0.927502361755104,394.64294780263486,False,False
robot1,822,1722894611701300210,477311.27061211166,4428599.845023654,1624.577154512548,0.5203130612278529,1.045903638008899,395.1632608638627,False,False
robot1,823,1722894612202929254,477311.68538310274,4428599.851244096,1624.587217636293,0.4148176333379514,0.8269409044170482,395.5780784972007,False,False
robot1,824,1722894612701457427,477312.10168842727,4428599.8426598,1624.5904758220724,0.4163938200287969,0.8352462004267202,395.9944723172295,False,False
robot1,825,1722894613202585954,477312.6300624168,4428599.84272203,1624.5785414123604,0.5283739931740371,1.0543684136219804,396.52284631040357,False,False
robot1,826,1722894613698898811,477313.1462735412,4428599.821386303,1624.5723862626965,0.516651854010765,1.0409801943734902,397.03949816441434,False,False
robot1,827,1722894614200757708,477313.6238548923,4428599.784320699,1624.573674866154,0.4790175423955896,0.9544864004496028,397.5185157068099,False,False
robot1,828,1722894614704978933,477313.9843929049,4428599.756811351,1624.5666856340736,0.3615859825392805,0.7171177686758179,397.8801016893492,False,False
robot1,829,1722894615202642225,477314.0942113537,4428599.744017291,1624.5629367411352,0.11056120321206186,0.2221606700919797,397.99066289256126,False,False
robot1,830,1722894615704292370,477314.1961049776,4428599.7340151295,1624.5610762787064,0.10238336691221306,0.2040931875335898,398.09304625947345,False,False
robot1,831,1722894616201011655,477314.3240917489,4428599.720245649,1624.5596591728215,0.128725336394791,0.25915103511101967,398.22177159586823,False,False
robot1,832,1722894616702181312,477314.5099331397,4428599.702695,1624.554733709851,0.1866682828465105,0.3724652342686312,398.4084398787147,False,False
robot1,833,1722894617203139258,477314.537363867,4428599.693918944,1624.558297333465,0.028800415811738794,0.05749068340060027,398.4372402945265,True,False
robot1,834,1722894617704230401,477314.52789286943,4428599.694756106,1624.5605048784355,0.009507924775180601,0.01897444717691304,398.44674821930164,True,False
robot1,835,1722894618203045275,477314.53003485367,4428599.694273975,1624.5578073125173,0.002195574316497585,0.004401579852031557,398.4489437936181,True,False
robot1,836,1722894618700865452,477314.5296859374,4428599.696564113,1624.5568245138322,0.0023165653080962512,0.004653418226650047,398.4512603589262,True,False
robot1,837,1722894619201098811,477314.5267002697,4428599.699196126,1624.5564013336668,0.003980164144480689,0.007956617746208258,398.4552405230707,True,False
robot1,838,1722894619706604992,477314.5668746917,4428599.699543032,1624.5574094648655,0.04017591970502206,0.07947659905777621,398.4954164427757,True,False
robot1,839,1722894620202840474,477314.7698557474,4428599.6509151645,1624.5618462970262,0.20872464747403185,0.42061602123172254,398.7041410902497,False,False
robot1,840,1722894620701144896,477315.029113434,4428599.558463534,1624.5774079655312,0.2752487093311768,0.5523706544097683,398.9793897995809,False,False
robot1,841,1722894621203417461,477315.4718361112,4428599.360570495,1624.5239997407557,0.48493816504306836,0.9654884410197461,399.4643279646239,False,False
robot1,842,1722894621701235272,477315.6173485015,4428599.22477677,1624.5511123828137,0.1990321368218825,0.39980904578571314,399.6633601014458,False,False
robot1,843,1722894622203552939,477315.7441553854,4428599.0965744,1624.545903389129,0.18032147285308328,0.3589789583299889,399.8436815742989,False,False
robot1,844,1722894622701066238,477315.86055113096,4428598.904094414,1624.5406691497474,0.22493668998408112,0.4521219685933207,400.068618264283,False,False
robot1,845,1722894623199119072,477315.9240268169,4428598.699158513,1624.5395704273485,0.2145411060172194,0.4307597321821111,400.2831593703002,False,False
robot1,846,1722894623701119218,477315.9948204974,4428598.334099626,1624.5496710999728,0.37185983386701077,0.7407565032586584,400.6550192041672,False,False
robot1,847,1722894624199874752,477315.9597284027,4428598.003041848,1624.5596376659205,0.3329124627494209,0.6674860400212372,400.98793166691667,False,False
robot1,848,1722894624701484813,477315.87396466685,4428597.562225517,1624.5817546379417,0.4490817919077774,0.8952807071260149,401.4370134588244,False,False
robot1,849,1722894625201388406,477315.8202746143,4428597.010803172,1624.6088086035263,0.5540299845474925,1.108273997915574,401.9910434433719,False,False
robot1,850,1722894625700664111,477315.7360450472,4428596.243659391,1624.6645938742577,0.7717539770964503,1.5457471719073317,402.76279742046836,False,False
robot1,851,1722894626200931543,477315.6509058614,4428595.502179386,1624.7128140494733,0.7463519804554543,1.491905774475704,403.50914940092383,False,False
robot1,852,1722894626700596619,477315.5825549799,4428594.849548544,1624.7407936729858,0.6562003195006785,1.313279852769977,404.1653497204245,False,False
robot1,853,1722894627200934523,477315.5334134951,4428594.508813355,1624.768543564563,0.34426059073711796,0.6880566046804568,404.5096103111616,False,False
robot1,854,1722894627703590444,477315.564414436,4428594.673963197,1624.7605074817918,0.16803430741750566,0.3342928625344467,404.6776446185791,False,False
robot1,855,1722894628200863450,477315.606958613,4428595.049368956,1624.7399319287838,0.37780880256871696,0.7597610276807617,405.05545342114783,False,False
robot1,856,1722894628700919722,477315.6730982528,4428595.5241282815,1624.7189475340303,0.4793442072203941,0.9585805419509065,405.5347976283682,False,False
robot1,857,1722894629199483136,477315.717816301,4428595.943153378,1624.6808225824318,0.4214044790986464,0.8452376816611572,405.9562021074669,False,False
robot1,858,1722894629699244370,477315.7770007728,4428596.3705958165,1624.64890816527,0.431520382230791,0.8634533145395775,406.3877224896977,False,False
robot1,859,1722894630201227421,477315.81384557154,4428596.799122075,1624.6254835512125,0.4301073041347301,0.8568161912359307,406.8178297938324,False,False
robot1,860,1722894630699309733,477315.86176072777,4428597.361428621,1624.58796080695,0.5643443226903767,1.1330340590354728,407.3821741165228,False,False
robot1,861,1722894631202728414,477315.9271655932,4428598.161951812,1624.5463194098602,0.80319062205957,1.5954724120855561,408.18536473858234,False,False
robot1,862,1722894631705389759,477315.9763009582,4428598.788671663,1624.5329153315745,0.6286430273134037,1.250629632982904,408.8140077658957,False,False
robot1,863,1722894632201255227,477315.9761021834,4428598.772687639,1624.5364344702707,0.0159852598393936,0.03223709823753513,408.8299930257351,True,False
robot1,864,1722894632701534969,477316.12699072313,4428598.504301284,1624.542254263571,0.3078937914219139,0.6154430536227923,409.13788681715704,False,False
robot1,865,1722894633205555968,477316.4710840528,4428598.252417375,1624.5517319785206,0.42643372661803186,0.8460635299001462,409.56432054377507,False,False
robot1,866,1722894633704752849,477316.8584694655,4428598.104608438,1624.5376986331216,0.414626265371734,0.8305864422279116,409.9789468091468,False,False
robot1,867,1722894634202747008,477317.1695553526,4428598.024825322,1624.5365924870473,0.3211538177636136,0.6448950239145339,410.3001006269104,False,False
robot1,868,1722894634701436139,477317.3909723911,4428597.828828317,1624.531718748839,0.2957031130166801,0.5929607620277128,410.5958037399271,False,False
robot1,869,1722894635207629119,477317.6429229836,4428597.509950933,1624.5414802419389,0.4064011406612881,0.8028582039040544,411.00220488058835,False,False
robot1,870,1722894635700719806,477317.7201534184,4428597.268921364,1624.551374365104,0.25310036184801515,0.5132935494760725,411.25530524243635,False,False
robot1,871,1722894636201213966,477317.7841601787,4428596.879393017,1624.556784711048,0.3947520723365905,0.788724879293325,411.65005731477294,False,False
robot1,872,1722894636702923390,477317.8187164622,4428596.43086756,1624.5738705711483,0.44985466769576293,0.8966437798659185,412.0999119824687,False,False
robot1,873,1722894637203050513,477317.8783353964,4428595.890964243,1624.591735080877,0.543185060224295,1.0860935673113143,412.643097042693,False,False
robot1,874,1722894637708232401,477317.976338032,4428595.090214708,1624.6224238104928,0.8067244473605449,1.5968993029649179,413.4498214900535,False,False
robot1,875,1722894638201495113,477318.0517958462,4428594.078856395,1624.6587149426537,1.0141693741826892,2.0560438180282645,414.4639908642362,False,False
robot1,876,1722894638699949141,477318.1316665031,4428593.001238068,1624.6687625249372,1.0805741901880417,2.1678509683041325,415.54456505442425,False,False
robot1,877,1722894639205112526,477318.13583671616,4428591.981660355,1624.6973450776693,1.0195862410887517,2.0183294715774363,416.564151295513,False,False
robot1,878,1722894639703964878,477318.24444354186,4428590.933424816,1624.7493011878018,1.0538468525067533,2.1125420253871314,417.61799814801975,False,False
robot1,879,1722894640202558750,477318.3671792949,4428589.878013585,1624.7716794895805,1.0625238496661673,2.1310410082898605,418.6805219976859,False,False
robot1,880,1722894640700648600,477318.4761956992,4428588.839229347,1624.803935228253,1.044488998817513,2.096988372587724,419.7250109965034,False,False
robot1,881,1722894641199861766,477318.56636957976,4428587.780717041,1624.8265569526927,1.0623462855178156,2.1280421934189757,420.7873572820212,False,False
robot1,882,1722894641701552637,477318.6087676652,4428586.715621728,1624.8648575825507,1.0659388459001107,2.124692557096144,421.85329612792134,False,False
robot1,883,1722894642204333918,477318.5452930916,4428585.609738838,1624.912166755034,1.1077030238490668,2.2031514463996813,422.9609991517704,False,False
robot1,884,1722894642699527541,477318.5962055188,4428584.577129079,1624.9450550297763,1.033864105874291,2.0877972890255108,423.9948632576447,False,False
robot1,885,1722894643203066648,477318.6413113269,4428583.480550366,1624.9805710578344,1.0975059939673075,2.179584516505265,425.092369251612,False,False
robot1,886,1722894643700211139,477318.70847666,4428582.4154347945,1625.0112625529275,1.0672311668954297,2.1467214049241736,426.15960041850747,False,False
robot1,887,1722894644203246288,477318.776886032,4428581.384209985,1625.040887556166,1.0334913884913715,2.05451160999284,427.19309180699884,False,False
robot1,888,1722894644702926943,477318.8292605713,4428580.3535278,1625.076642359929,1.0320120436745182,2.065343763100987,428.22510385067335,False,False
robot1,889,1722894645204245849,477318.8722239873,4428579.369806495,1625.106467913175,0.9846590588826886,1.9641369931515607,429.20976290955605,False,False
robot1,890,1722894645701728226,477318.8852928877,4428578.395549489,1625.1302850145291,0.9743446560055475,1.958550463872299,430.1841075655616,False,False
robot1,891,1722894646203124616,477318.8627966591,4428577.468291466,1625.16145607725,0.9275308736805983,1.8498952946002742,431.1116384392422,False,False
robot1,892,1722894646703658104,477318.80485569936,4428576.504737216,1625.1764328077395,0.9652947465192908,1.9285332756521651,432.0769331857615,False,False
robot1,893,1722894647203003203,477318.7897090923,4428575.563543848,1625.2130075734742,0.9413152374263377,1.8850988135052316,433.01824842318786,False,False
robot1,894,1722894647703562504,477318.7901364364,4428574.664931553,1625.230155049799,0.8986123959599848,1.7952165550167458,433.9168608191478,False,False
robot1,895,1722894648203913160,477318.7866534824,4428573.684707155,1625.2505284580236,0.9802305857980227,1.9590870141683332,434.89709140494585,False,False
robot1,896,1722894648701408827,477318.8113739991,4428572.81266028,1625.2815710204045,0.872397190207203,1.7535775197708632,435.76948859515306,False,False
robot1,897,1722894649200914637,477318.8282319612,4428571.855095455,1625.2972708274567,0.9577132052689756,1.9173216512181572,436.72720180042205,False,False
robot1,898,1722894649704275888,477318.843833327,4428570.892152093,1625.3101555748008,0.9630697384792068,1.913276657480466,437.69027153890124,False,False
robot1,899,1722894650201398680,477318.8579015353,4428569.956279022,1625.351792735537,0.9359788035786167,1.8827920792471702,438.62625034247986,False,False
robot1,900,1722894650704126459,477318.8662387345,4428568.984875152,1625.3737422953152,0.9714396466862012,1.932338354624565,439.59768998916604,False,False
robot1,901,1722894651205906894,477318.8707910872,4428568.127227832,1625.384406677221,0.8576594020104088,1.7092321941680044,440.45534939117647,False,False
robot1,902,1722894651700945256,477318.8747258831,4428567.184347204,1625.3969503724536,0.9428888379386428,1.9046786749004143,441.3982382291151,False,False
robot1,903,1722894652199663116,477318.8720553668,4428566.262816814,1625.4073498577231,0.9215342596142078,1.8478062082379367,442.3197724887293,False,False
robot1,904,1722894652702887233,477318.8697506855,4428565.297284427,1625.4496220737922,0.9655351372555385,1.9186989029719674,443.28530762598484,False,False
robot1,905,1722894653200979765,477318.8593026267,4428564.360572682,1625.461582541921,0.9367700122148667,1.8807143804341973,444.2220776381997,False,False
robot1,906,1722894653701672390,477318.8495146028,4428563.394626537,1625.493005646715,0.9659957346386132,1.9293180349198327,445.18807337283835,False,False
robot1,907,1722894654201277595,477318.8454863144,4428562.507880034,1625.5049974475935,0.8867556531662165,1.7749128526600264,446.0748290260046,False,False
robot1,908,1722894654702496269,477318.8409312096,4428561.616284536,1625.5250662790413,0.891607133521928,1.7788789350141045,446.9664361595265,False,False
robot1,909,1722894655207692997,477318.8345624215,4428560.728391222,1625.548303363851,0.8879161555849354,1.7575648507984463,447.85435231511144,False,False
robot1,910,1722894655702645532,477318.8241695623,4428559.82659704,1625.5614497810775,0.901854067162343,1.822102476523284,448.7562063822738,False,False
robot1,911,1722894656201156927,477318.82027757535,4428558.928476556,1625.5820442201536,0.8981289162673959,1.8016219298104,449.6543352985412,False,False
robot1,912,1722894656713704366,477318.8138789093,4428557.986991021,1625.6029735468403,0.9415072788922927,1.8369171477486341,450.5958425774335,False,False
robot1,913,1722894657205324687,477318.8269724642,4428557.084131778,1625.6104390862758,0.9029541811126075,1.8366892888077602,451.49879675854606,False,False
robot1,914,1722894657700961359,477318.838288382,4428556.268648044,1625.6198923516963,0.8155622419120322,1.645484750463287,452.31435900045807,False,False
robot1,915,1722894658201649795,477318.8499772579,4428555.441449286,1625.6301519438828,0.8272813395147686,1.652287304742839,453.1416403399728,False,False
robot1,916,1722894658700150481,477318.86079700064,4428554.626433739,1625.6538484358475,0.8150873625864775,1.6350780444466773,453.9567277025593,False,False
robot1,917,1722894659205585160,477318.8769525549,4428553.6991984565,1625.6574835424092,0.927376014297994,1.8348085712869866,454.8841037168573,False,False
robot1,918,1722894659700919331,477318.8926399778,4428552.809209614,1625.6756794259263,0.8901270891672524,1.797023467955808,455.77423080602455,False,False
robot1,919,1722894660201964048,477318.9029608346,4428551.917110316,1625.707098533955,0.8921589975299267,1.7805974359566685,456.66638980355447,False,False
robot1,920,1722894660700735796,477318.9014336103,4428551.010364706,1625.726832581732,0.90674689690355,1.8179599123662273,457.573136700458,False,False
robot1,921,1722894661201856709,477318.8976911924,4428550.073433757,1625.7399659650075,0.9369384230776253,1.8696848476003454,458.5100751235356,False,False
robot1,922,1722894661702573347,477318.89196416864,4428549.293043111,1625.745935312761,0.7804116594423731,1.5585900220058706,459.290486782978,False,False
robot1,923,1722894662203389548,477318.88316939946,4428548.567291287,1625.7574427229558,0.7258051108850738,1.4492447447987855,460.01629189386307,False,False
robot1,924,1722894662712489216,477318.8681123822,4428547.792125593,1625.7682135688617,0.7753119157260988,1.5229077572848082,460.79160380958916,False,False
robot1,925,1722894663202836460,477318.8651026866,4428547.0038852105,1625.7771972780272,0.7882461283056692,1.6075259127816484,461.57984993789483,False,False
robot1,926,1722894663703381940,477318.84832390473,4428546.134714269,1625.77379068183,0.8693328780839005,1.7367709331435126,462.44918281597876,False,False
robot1,927,1722894664199558535,477318.8662661167,4428545.339467675,1625.7859401203152,0.7954489723972469,1.603156578836385,463.244631788376,False,False
robot1,928,1722894664701691157,477318.87984472624,4428544.4947305815,1625.777491271769,0.8448462205875007,1.6825167904953224,464.0894780089635,False,False
robot1,929,1722894665203709463,477318.8961929504,4428543.712956186,1625.792953397287,0.781945310963232,1.5576034699350965,464.87142331992675,False,False
robot1,930,1722894665700872846,477318.9059140608,4428542.902041973,1625.7953466672218,0.8109724792372632,1.6311986368836282,465.682395799164,False,False
robot1,931,1722894666202082751,477318.9195124816,4428542.106716251,1625.7951197258378,0.7954419655198295,1.5870433676989606,466.47783776468384,False,False
robot1,932,1722894666700336944,477318.9287137553,4428541.292349718,1625.8038379400307,0.814418512923963,1.634544657209288,467.2922562776078,False,False
robot1,933,1722894667199848573,477318.9323604505,4428540.4969485765,1625.8167363455946,0.7954095005503314,1.5923748139333758,468.0876657781581,False,False
robot1,934,1722894667702731949,477318.9373715724,4428539.754395029,1625.814782610899,0.7425704565393001,1.476624708317524,468.8302362346974,False,False
robot1,935,1722894668200700736,477318.9431471105,4428539.030644164,1625.8153070148137,0.7237739082104934,1.4534526897523858,469.5540101429079,False,False
robot1,936,1722894668701356875,477318.9433836888,4428538.342333866,1625.8277966477524,0.6883103387943813,1.3748165664938152,470.2423204817023,False,False
robot1,937,1722894669199346888,477318.9420764201,4428537.668055014,1625.835685436843,0.6742801197724512,1.3540029757344783,470.9166006014747,False,False
robot1,938,1722894669702642595,477318.9452576627,4428537.041793342,1625.8367365311117,0.6262697518855489,1.2443376759140043,471.5428703533603,False,False
robot1,939,1722894670198955627,477318.9450532477,4428536.472478487,1625.8411510528215,0.56931489184893,1.1470887449177203,472.1121852452092,False,False
robot1,940,1722894670701661944,477318.94037313183,4428535.864049475,1625.8465939707212,0.608447011655342,1.2103423729687246,472.7206322568646,False,False
robot1,941,1722894671203662564,477318.9379559074,4428535.233793613,1625.8529879068878,0.6302604975205646,1.2554975727365787,473.35089275438514,False,False
robot1,942,1722894671700186900,477318.93384801183,4428534.574228872,1625.865553104103,0.6595775332119028,1.3283891404871169,474.01047028759706,False,False
robot1,943,1722894672203152483,477318.920992464,4428533.976846594,1625.8644707252697,0.5975205856560422,1.187995289368778,474.60799087325313,False,False
robot1,944,1722894672698634077,477318.9131692231,4428533.4004666535,1625.864587096166,0.5764330310682365,1.1633795438079244,475.18442390432136,False,False
robot1,945,1722894673199256262,477318.9095527168,4428532.8403158095,1625.8760081545313,0.5601625185623076,1.1189319424411046,475.7445864228837,False,False
robot1,946,1722894673701785551,477318.898736075,4428532.216009524,1625.8784049252756,0.6243999825213665,1.242514965787992,476.36898640540505,False,False
robot1,947,1722894674200549175,477318.8852728216,4428531.573661579,1625.883519234965,0.6424890205361904,1.2881635116397807,477.0114754259412,False,False
robot1,948,1722894674702465091,477318.86578214646,4428530.927823963,1625.877233042773,0.6461316529037019,1.2873304314391913,477.65760707884493,False,False
robot1,949,1722894675204638630,477318.85400097,4428530.256420064,1625.8804050174397,0.6715072535120586,1.337201259399745,478.329114332357,False,False
robot1,950,1722894675703485223,477318.8426416865,4428529.630982908,1625.8879871046472,0.6255403013671198,1.2539734419333408,478.9546546337241,False,False
robot1,951,1722894676200660455,477318.8275326101,4428529.086240426,1625.892096376692,0.5449519764744272,1.0960964227444037,479.4996066101985,False,False
robot1,952,1722894676704603903,477318.8135220096,4428528.514652284,1625.9020826877695,0.5717598279199384,1.134571419716737,480.07136643811845,False,False
robot1,953,1722894677205424357,477318.7902195693,4428527.885411661,1625.9038591321996,0.6296719503321451,1.2572809582655553,480.70103838845057,False,False
robot1,954,1722894677700824524,477318.76981489104,4428527.227217924,1625.9142282047603,0.6585099442481568,1.3292484683512313,481.35954833269875,False,False
robot1,955,1722894678202958214,477318.74109050847,4428526.58033739,1625.9140183901302,0.6475179648745232,1.2895326010540193,482.00706629757326,False,False
robot1,956,1722894678701048390,477318.7187448173,4428526.0054214345,1625.9225853840223,0.57535005528602,1.1551125741567347,482.5824163528593,False,False
robot1,957,1722894679202491135,477318.6975715424,4428525.372528872,1625.9242160874496,0.6332466365498797,1.2628495207869648,483.21566298940917,False,False
robot1,958,1722894679702730543,477318.67527180456,4428524.797133772,1625.9293166177426,0.5758270576093607,1.1511030309658443,483.79149004701856,False,False
robot1,959,1722894680201769778,477318.6459665183,4428524.214260694,1625.9387504569902,0.5836093084696188,1.1694653667994457,484.37509935548815,False,False
robot1,960,1722894680701973947,477318.6211492014,4428523.640871113,1625.953199157189,0.573926397906499,1.1473844649042426,484.94902575339466,False,False
robot1,961,1722894681203543483,477318.5887682586,4428523.00132908,1625.9608981383342,0.6403612553765536,1.2767142715962936,485.5893870087712,False,False
robot1,962,1722894681702145755,477318.5580764645,4428522.437216605,1625.974805915038,0.5649467858421882,1.1330612668287516,486.1543337946134,False,False
robot1,963,1722894682205235915,477318.53842478833,4428521.923772488,1625.9814326404128,0.5138200559887005,1.0213280123451354,486.6681538506021,False,False
robot1,964,1722894682701664532,477318.5065432681,4428521.3688077815,1625.9902550772997,0.5558797141225109,1.119757881895878,487.2240335647246,False,False
robot1,965,1722894683201779703,477318.47641218937,4428520.879043713,1625.9862975537565,0.4906900492974653,0.9811541266848407,487.7147236140221,False,False
robot1,966,1722894683700874742,477318.4429391344,4428520.328494651,1626.001561762754,0.5515656942246748,1.1051312306258945,488.26628930824677,False,False
robot1,967,1722894684208665046,477318.41775310633,4428519.835674083,1626.0159187417112,0.4934637257484513,0.9717863839465047,488.7597530339952,False,False
robot1,968,1722894684699461330,477318.3817927155,4428519.3992809,1626.0210124377402,0.43787230973897306,0.8921670459276965,489.19762534373416,False,False
robot1,969,1722894685204104482,477318.3559553989,4428518.994377708,1626.0390982186714,0.40572670836700525,0.8039876462873288,489.6033520521012,False,False
robot1,970,1722894685705435133,477318.32492792135,4428518.508465722,1626.0485320635432,0.48690159412689155,0.9712185540688226,490.09025364622806,False,False
robot1,971,1722894686200442356,477318.2944302866,4428518.168948083,1626.0601748099216,0.3408846328724597,0.6886457008442249,490.43113827910054,False,False
robot1,972,1722894686701762871,477318.20677718177,4428517.985291019,1626.0640722511553,0.20350180339669025,0.4059314602069213,490.63464008249724,False,False
robot1,973,1722894687199873365,477318.1080344006,4428517.853974686,1626.066900505415,0.1642988623271743,0.32984434209334773,490.79893894482444,False,False
robot1,974,1722894687705404127,477317.9165786967,4428517.672758596,1626.074975407495,0.26361820467519154,0.5214681021255805,491.06255714949964,False,False
robot1,975,1722894688203312379,477317.7075338583,4428517.531765338,1626.0777350572328,0.2521484547868806,0.5064153932339065,491.31470560428653,False,False
robot1,976,1722894688702071173,477317.5063161056,4428517.450939912,1626.0798010976418,0.21684403021853674,0.434767333058181,491.53154963450504,False,False
robot1,977,1722894689202046741,477317.3520274735,4428517.408165547,1626.0796692223787,0.16010817692950077,0.3202320818102547,491.69165781143454,False,False
robot1,978,1722894689705122406,477317.2232781252,4428517.39770187,1626.0801800941003,0.12917384884915986,0.25676826491642224,491.8208316602837,False,False
robot1,979,1722894690203884665,477317.0453195914,4428517.39829519,1626.07633157922,0.17795952288178632,0.3568022246405014,491.9987911831655,False,False
robot1,980,1722894690698612694,477316.86343029817,4428517.421924743,1626.0773468938294,0.18341774930184443,0.3707445637518907,492.18220893246735,False,False
robot1,981,1722894691200448535,477316.75345482986,4428517.450651553,1626.071702607927,0.11366544451350953,0.22649926388401231,492.29587437698086,False,False
robot1,982,1722894691701323478,477316.5006921634,4428517.472058521,1626.0746196633463,0.2536675457939609,0.5064488100342596,492.54954192277484,False,False
robot1,983,1722894692204743252,477316.2858259102,4428517.471609918,1626.0717839040026,0.21486672149819006,0.42681434218255054,492.76440864427303,False,False
robot1,984,1722894692700987714,477316.2840517869,4428517.474461719,1626.0719469700434,0.0033586131886340475,0.006768062232891583,492.7677672574617,True,False
robot1,985,1722894693207111662,477316.1263673203,4428517.442731007,1626.0796297257364,0.16084535773823333,0.31779830931182834,492.92861261519994,False,False
robot1,986,1722894693702236942,477315.8440468635,4428517.2555375565,1626.078875565899,0.3387421264788937,0.6841543560132872,493.26735474167884,False,False
robot1,987,1722894694200606981,477315.70249328425,4428517.101258589,1626.0838625139015,0.20937864174689283,0.42012675336817956,493.4767333834257,False,False
robot1,988,1722894694702343445,477315.4990923319,4428516.863711526,1626.0964894565475,0.31273080225329947,0.6232970155002283,493.78946418567904,False,False
robot1,989,1722894695202715692,477315.0487926702,4428516.524048903,1626.1053792506243,0.5640394335331151,1.1272398142221824,494.3535036192122,False,False
robot1,990,1722894695704084999,477314.4062524593,4428516.067489516,1626.103749429511,0.7882286448325849,1.572151989488724,495.1417322640448,False,False
robot1,991,1722894696204692073,477313.67224630655,4428515.741515041,1626.1079361265336,0.8031341048436506,1.6043205206092224,495.9448663688884,False,False
robot1,992,1722894696702450178,477312.88958263,4428515.447079358,1626.110498958026,0.8362145671847995,1.6799607730817738,496.78108093607324,False,False
robot1,993,1722894697203079787,477312.10454929806,4428515.164600707,1626.130565018393,0.8343090078400581,1.666520116668502,497.61538994391327,False,False
robot1,994,1722894697701439795,477311.4219393802,4428514.794186757,1626.1716501687752,0.7766355606974178,1.5583821253938106,498.3920255046107,False,False
robot1,995,1722894698204164521,477310.7858265644,4428514.476165186,1626.2270593338994,0.7111801699720327,1.4146514866091762,499.1032056745827,False,False
robot1,996,1722894698709131621,477309.9418336155,4428514.2043264285,1626.2559348478237,0.8866907058162311,1.7559380138045555,499.98989638039893,False,False
robot1,997,1722894699204871398,477309.1547599191,4428513.934307152,1626.305727278933,0.832103006233951,1.6785071050703442,500.8219993866329,False,False
robot1,998,1722894699702260824,477308.3137610402,4428513.657099323,1626.3353161888629,0.885507365730945,1.7803103851471553,501.7075067523639,False,False
robot1,999,1722894700200676694,477307.4540851806,4428513.394902521,1626.335564076114,0.8987712427982422,1.803255389959588,502.60627799516215,False,False
robot1,1000,1722894700703874433,477306.65845246415,4428513.322429403,1626.3654991735627,0.7989266376325355,1.587698645589543,503.40520463279466,False,False
robot1,1001,1722894701207724572,477305.52079710586,4428513.272182074,1626.417294806456,1.138764465667177,2.2601260367225207,504.54396909846184,False,False
robot1,1002,1722894701701992457,477304.37188682734,4428513.214696744,1626.4201539053747,1.1503475088979924,2.3273763369820633,505.69431660735984,False,False
robot1,1003,1722894702202891005,477303.3901013099,4428512.949268606,1626.4451316323373,1.0170323982703047,2.030415734906135,506.71134900563015,False,False
robot1,1004,1722894702705502547,477302.299399211,4428512.697656194,1626.47221128308,1.1193479683932182,2.2270644304830873,507.8306969740234,False,False
robot1,1005,1722894703205711985,477301.3034616948,4428512.520843162,1626.4754813239813,1.0115109412793915,2.0221752725422975,508.84220791530277,False,False
robot1,1006,1722894703698973628,477300.2192366061,4428512.393881943,1626.497869741182,1.0916332690714643,2.2130909748703504,509.9338411843742,False,False
robot1,1007,1722894704201825463,477299.1485503676,4428512.315126021,1626.5356670716503,1.073578835692294,2.13497990381721,511.0074200200665,False,False
robot1,1008,1722894704701334027,477298.1039539257,4428512.283505835,1626.5598551872847,1.0450749076745391,2.092206953190054,512.052494927741,False,False
robot1,1009,1722894705204572966,477297.0154761173,4428512.280898704,1626.5857010142895,1.0884809307050591,2.162950628894056,513.140975858446,False,False
robot1,1010,1722894705700018926,477295.9319041849,4428512.304627276,1626.59889137929,1.083831711012095,2.187588120226536,514.2248075694581,False,False
robot1,1011,1722894706204350477,477294.9364215894,4428512.376160976,1626.619155176081,0.998049431717831,1.9789548265282915,515.222857001176,False,False
robot1,1012,1722894706705415647,477293.93991079857,4428512.417861049,1626.6673310671936,0.9973829015895492,1.9905249729583143,516.2202399027655,False,False
robot1,1013,1722894707202284495,477293.01665033615,4428512.456880857,1626.6769682831125,0.9240846427050714,1.8598160157064076,517.1443245454706,False,False
robot1,1014,1722894707703296238,477292.0987504933,4428512.509645338,1626.6786222512817,0.9194151466738574,1.8351174469125255,518.0637396921444,False,False
robot1,1015,1722894708205368771,477291.2378646791,4428512.562456628,1626.7231041980524,0.862504155077063,1.7178874170018903,518.9262438472215,False,False
robot1,1016,1722894708701560765,477290.3679183116,4428512.618814852,1626.7424932346507,0.8717699992765541,1.756920782943161,519.7980138464981,False,False
robot1,1017,1722894709203252403,477289.48541890347,4428512.6815497205,1626.7552613654734,0.8847264374359248,1.7634858797267476,520.682740283934,False,False
robot1,1018,1722894709699072753,477288.5876935984,4428512.742839729,1626.772898240924,0.8998150857435412,1.8148008764070365,521.5825553696775,False,False
robot1,1019,1722894710203415525,477287.8128311816,4428512.789388118,1626.7784494614093,0.776259310706247,1.5391501956551532,522.3588146803837,False,False
robot1,1020,1722894710699489181,477287.1086192391,4428512.837401886,1626.7928761858498,0.7058468543574014,1.4228668479301354,523.0646615347412,False,False
robot1,1021,1722894711201444594,477286.2513094716,4428512.784211868,1626.796896578075,0.8589582151597639,1.711224615386331,523.9236197499009,False,False
robot1,1022,1722894711706834258,477285.9013845625,4428512.612790095,1626.815815213521,0.3896573706935979,0.7710041615758978,524.3132771205945,False,False
robot1,1023,1722894712201088690,477285.55951302615,4428512.518445923,1626.8309873135645,0.35465049004647375,0.7175461753547593,524.667927610641,False,False
robot1,1024,1722894712698850892,477284.8396766884,4428512.3362497175,1626.8212748611722,0.7425360667340726,1.491748593878331,525.410463677375,False,False
robot1,1025,1722894713202683439,477283.9758188689,4428512.148566852,1626.8621643589893,0.8840108541403662,1.7545726330225548,526.2944745315153,False,False
robot1,1026,1722894713710314746,477282.9864316725,4428512.122158172,1626.8981264421989,0.9897395833058595,1.9497213423219015,527.2842141148212,False,False
robot1,1027,1722894714201530133,477281.978700786,4428512.156411074,1626.923678538084,1.0083128487552957,2.052689533543172,528.2925269635765,False,False
robot1,1028,1722894714705530633,477281.0607313071,4428512.344973697,1626.920634763025,0.9371359704615426,1.8593951975966718,529.2296629340381,False,False
robot1,1029,1722894715203368442,477280.12698152656,4428512.541925131,1626.9417541765238,0.9542947762566039,1.916878973312928,530.1839577102946,False,False
robot1,1030,1722894715702179169,477279.28608250193,4428512.716210474,1626.9666515908436,0.8587703711527733,1.721636413036442,531.0427280814474,False,False
robot1,1031,1722894716201228914,477278.4398799192,4428512.792039858,1626.983774266406,0.8495933771154499,1.7024216892435433,531.8923214585628,False,False
robot1,1032,1722894716703937270,477277.55721262784,4428512.778543281,1627.013787304082,0.8827704712253996,1.7560287627210938,532.7750919297882,False,False
robot1,1033,1722894717202963393,477276.6269432519,4428512.828403673,1627.0510641087285,0.9316046213548338,1.8668456335927444,533.7066965511431,False,False
robot1,1034,1722894717701351981,477275.6197065061,4428512.939610827,1627.0789153007693,1.0133572386346854,2.0332675814712426,534.7200537897778,False,False
robot1,1035,1722894718200928015,477274.67725816113,4428513.0888971165,1627.097616722848,0.9541987629420629,1.910016869638998,535.6742525527198,False,False
robot1,1036,1722894718708226006,477273.7056772186,4428513.261389787,1627.1183001370398,0.9867741632910426,1.9451568456379393,536.6610267160108,False,False
robot1,1037,1722894719201529522,477272.7776047776,4428513.393881829,1627.1371371834307,0.9374820515685062,1.9004162357499603,537.5985087675793,False,False
robot1,1038,1722894719702224986,477271.8520037285,4428513.473773792,1627.162567371494,0.9290425328390195,1.85550418184204,538.5275513004184,False,False
robot1,1039,1722894720200340550,477270.9574383952,4428513.568157948,1627.177588361235,0.8995307133943579,1.8058675989221045,539.4270820138128,False,False
robot1,1040,1722894720703131008,477270.0790087605,4428513.6648628935,1627.1965538693012,0.8837366517407769,1.7576631195680634,540.3108186655536,False,False
robot1,1041,1722894721206218782,477269.2033439955,4428513.764192847,1627.218258369459,0.881280443598096,1.7517437970796048,541.1920991091517,False,False
robot1,1042,1722894721706473276,477268.2946641049,4428513.864792774,1627.2343369206735,0.9142316386441196,1.827533455226354,542.1063307477958,False,False
robot1,1043,1722894722201837483,477267.4592457716,4428513.964803655,1627.259549448179,0.8413833655267061,1.6985138994739521,542.9477141133225,False,False
robot1,1044,1722894722703251655,477266.62531108776,4428514.056764218,1627.2768458173612,0.8389897508802979,1.6732473554663496,543.7867038642028,False,False
robot1,1045,1722894723203367952,477265.7738127343,4428514.161328091,1627.3012844770765,0.8578945445408277,1.715389923793297,544.6445984087436,False,False
robot1,1046,1722894723704691179,477264.9193866247,4428514.268655025,1627.3152263442348,0.8611405503868053,1.7177352069145218,545.5057389591304,False,False
robot1,1047,1722894724204970611,477264.1514481768,4428514.370375646,1627.3219202641217,0.774646076895318,1.5484268105909,546.2803850360258,False,False
robot1,1048,1722894724701411807,477263.3942242888,4428514.475592349,1627.3320463067546,0.7644989019257219,1.539958843229076,547.0448839379516,False,False
robot1,1049,1722894725202357519,477262.5778827569,4428514.5821387,1627.3268463895245,0.8232652196037451,1.6434217213041558,547.8681491575553,False,False
robot1,1050,1722894725699352921,477261.8539094011,4428514.682051042,1627.3319994250016,0.7308350675083921,1.4705072641567645,548.5989842250636,False,False
robot1,1051,1722894726203232966,477261.0219593088,4428514.815144105,1627.365386801572,0.8425287647364353,1.672081301151679,549.4415129898001,False,False
robot1,1052,1722894726699424940,477260.1826557754,4428514.95075295,1627.372995894282,0.8501883204188055,1.7134261683688474,550.291701310219,False,False
robot1,1053,1722894727200612100,477259.4068914983,4428515.087955718,1627.3828962303248,0.7878037909650066,1.5718756783757488,551.0795051011839,False,False
robot1,1054,1722894727702295659,477258.60676917934,4428515.225766028,1627.400251382122,0.8119035699778379,1.618358213342625,551.8914086711618,False,False
robot1,1055,1722894728199044217,477257.8748288052,4428515.346956561,1627.40682444544,0.7419055577208113,1.4935236568463806,552.6333142288826,False,False
robot1,1056,1722894728702126623,477257.1738461048,4428515.468976785,1627.409318248785,0.7115234931764669,1.4143276175293877,553.3448377220591,False,False
robot1,1057,1722894729203087643,477256.47870461707,4428515.595713207,1627.388640024408,0.7066001758002546,1.4104892071560216,554.0514378978594,False,False
robot1,1058,1722894729701737007,477255.7808118018,4428515.736773899,1627.4197280438498,0.7120059694431893,1.4278690164746166,554.7634438673026,False,False
robot1,1059,1722894730198759067,477255.1150864582,4428515.864928261,1627.4373925126158,0.6779482087239415,1.364020106685718,555.4413920760265,False,False
robot1,1060,1722894730699353478,477254.4223666849,4428516.015667522,1627.4375465056623,0.7089308916640088,1.4161776197653884,556.1503229676905,False,False
robot1,1061,1722894731202481471,477253.7661254631,4428516.168132976,1627.4395686625758,0.6737197159130357,1.339062755130933,556.8240426836036,False,False
robot1,1062,1722894731699940717,477253.1704067795,4428516.304404726,1627.4180851982003,0.6111061609975917,1.2284549042757558,557.4351488446011,False,False
robot1,1063,1722894732201773103,477252.5819179884,4428516.415398403,1627.4243189799304,0.5988644700767091,1.1933553282013254,558.0340133146778,False,False
robot1,1064,1722894732705391190,477251.8839052311,4428516.495141176,1627.4492328197148,0.7025530009808143,1.3950116919519722,558.7365663156587,False,False
robot1,1065,1722894733210223724,477251.2580686179,4428516.494059869,1627.4650819402284,0.6258375473084531,1.239693442176135,559.3624038629672,False,False
robot1,1066,1722894733701424226,477250.4874617847,4428516.469829438,1627.4830473311592,0.7709876816021856,1.5695989003704287,560.1333915445693,False,False
robot1,1067,1722894734201417620,477249.7096959714,4428516.44923625,1627.491234831434,0.7780383921977722,1.5560968185247348,560.9114299367671,False,False
robot1,1068,1722894734698300181,477248.9120277811,4428516.404380627,1627.5281599531727,0.798928387736301,1.6078821177327114,561.7103583245034,False,False
robot1,1069,1722894735203018594,477248.15999864094,4428516.433658091,1627.5133486725158,0.7525988290755031,1.491126483005533,562.4629571535789,False,False
robot1,1070,1722894735702492002,477247.42324506654,4428516.442764346,1627.5136167053224,0.7368098487762642,1.4751728427880078,563.1997670023552,False,False
robot1,1071,1722894736201051983,477246.7411714644,4428516.457086849,1627.5251223511582,0.6822239609334073,1.368389014189022,563.8819909632886,False,False
robot1,1072,1722894736701942795,477246.000432595,4428516.500309826,1627.5335847254405,0.7419988533003187,1.4813587199284015,564.6239898165888,False,False
robot1,1073,1722894737207134140,477245.23256612185,4428516.538068954,1627.5563761700446,0.768794297834061,1.521787677717351,565.3927841144229,False,False
robot1,1074,1722894737699000808,477244.53106537735,4428516.598404625,1627.561848607798,0.7040906815132985,1.4314667794941023,566.0968747959362,False,False
robot1,1075,1722894738201932257,477243.8695004307,4428516.647824956,1627.5699221288871,0.663408281307246,1.319083156827409,566.7602830772435,False,False
robot1,1076,1722894738699678230,477243.21939408896,4428516.65173709,1627.5855811079527,0.6501181126381957,1.3061242575845908,567.4104011898817,False,False
robot1,1077,1722894739203889412,477242.56536424655,4428516.63483232,1627.5781417881408,0.6542482755210569,1.2975679475562027,568.0646494654027,False,False
robot1,1078,1722894739704349864,477241.87301682506,4428516.6453528805,1627.609928884228,0.6924273494268683,1.383580076552683,568.7570768148296,False,False
robot1,1079,1722894740199982298,477241.0804694054,4428516.6729353415,1627.6168123420534,0.7930272407533153,1.6000310404927156,569.5501040555829,False,False
robot1,1080,1722894740699370885,477240.2611559925,4428516.692066339,1627.6220034020569,0.819536737179877,1.64107987580398,570.3696407927628,False,False
robot1,1081,1722894741204822829,477239.4775650819,4428516.718880712,1627.6249702118512,0.784049568456347,1.5511859999182696,571.1536903612191,False,False
robot1,1082,1722894741700712637,477238.6971664242,4428516.757268431,1627.630949127879,0.7813422309791042,1.575636502471296,571.9350325921982,False,False
robot1,1083,1722894742202237464,477237.9744953824,4428516.789312776,1627.6495526471356,0.7233811406995296,1.442363974734389,572.6584137328978,False,False
robot1,1084,1722894742701497663,477237.2111906909,4428516.790789871,1627.6455065758548,0.7633061206547086,1.528874403171333,573.4217198535525,False,False
robot1,1085,1722894743201919501,477236.40912774,4428516.817742942,1627.66600236033,0.8025156978409006,1.6036778887051928,574.2242355513935,False,False
robot1,1086,1722894743697178372,477235.5760329737,4428516.838794009,1627.6660668648835,0.8333606884561229,1.6826771675049175,575.0575962398495,False,False
robot1,1087,1722894744200041130,477234.7812815938,4428516.875936054,1627.68064920979,0.7956188078453658,1.5821782834024203,575.8532150476949,False,False
robot1,1088,1722894744701638611,477233.9750863365,4428516.920929195,1627.6783173696278,0.8074497976181242,1.6097567300118492,576.660664845313,False,False
robot1,1089,1722894745204395451,477233.2062981327,4428516.925429145,1627.6999513719525,0.7688013734405921,1.529171403355773,577.4294662187536,False,False
robot1,1090,1722894745700544456,477232.4749860839,4428516.902986019,1627.7107086643132,0.7316563446161138,1.474670414631785,578.1611225633698,False,False
robot1,1091,1722894746198357959,477231.714078579,4428516.907487665,1627.7209598563777,0.76092082104172,1.528525998741641,578.9220433844115,False,False
robot1,1092,1722894746699693844,477230.9059920409,4428516.898537506,1627.7289170980875,0.808136101416252,1.6119654846687281,579.7301794858278,False,False
robot1,1093,1722894747197999534,477230.089791946,4428516.900103528,1627.7267398019624,0.8162015972205954,1.6379532431481088,580.5463810830483,False,False
robot1,1094,1722894747700230351,477229.3040248471,4428516.899404045,1627.7511721217836,0.7857674102253918,1.5645548897882189,581.3321484932737,False,False
robot1,1095,1722894748199407609,477228.5418577819,4428516.910783494,1627.7622809005354,0.7622520102784579,1.5270168260506047,582.0944005035522,False,False
robot1,1096,1722894748699012981,477227.69732312113,4428516.939490141,1627.7763380551812,0.8450224049174355,1.6913803953979485,582.9394229084696,False,False
robot1,1097,1722894749204344585,477226.8453427682,4428516.982993136,1627.7822625267015,0.8530902838320277,1.688178658720419,583.7925131923016,False,False
robot1,1098,1722894749703078774,477226.08788162126,4428517.028264744,1627.7911820795352,0.7588128277673548,1.52147731868784,584.5513260200689,False,False
robot1,1099,1722894750198189989,477225.37020724977,4428517.046399801,1627.8100116380228,0.7179034641144632,1.4499842154921607,585.2692294841834,False,False
robot1,1100,1722894750696857631,477224.67822076863,4428517.033183986,1627.808173816103,0.6921126698974499,1.3879235537624255,585.9613421540809,False,False
robot1,1101,1722894751203075438,477224.1053071465,4428516.971423817,1627.8260152165442,0.5762328843081544,1.1383103824243472,586.537575038389,False,False
robot1,1102,1722894751698662166,477223.4525634461,4428516.928444283,1627.8258057733922,0.6541571514324516,1.3199652835105904,587.1917321898214,False,False
robot1,1103,1722894752205906402,477222.736737978,4428516.895124074,1627.8329628753663,0.7166005421883842,1.4127324321517833,587.9083327320099,False,False
robot1,1104,1722894752700908146,477222.022205588,4428516.915274518,1627.851735763988,0.7148164636741952,1.4440691290594398,588.623149195684,False,False
robot1,1105,1722894753202766543,477221.2479480236,4428516.972239722,1627.8465888843243,0.7763503142795951,1.5469499619867868,589.3994995099637,False,False
robot1,1106,1722894753697432603,477220.49731759465,4428517.042714875,1627.8637993648993,0.7539315540244166,1.5241228741812147,590.1534310639881,False,False
robot1,1107,1722894754200570068,477219.7541469616,4428517.121732064,1627.8678328535505,0.7473595559529507,1.485397976683867,590.9007906199411,False,False
robot1,1108,1722894754699015921,477219.0103219338,4428517.200343832,1627.8845954294286,0.7479675676295204,1.5005997517396732,591.6487581875706,False,False
robot1,1109,1722894755204491873,477218.3270303756,4428517.165090516,1627.882247875104,0.6842003725339,1.3535763821483817,592.3329585601045,False,False
robot1,1110,1722894755714352185,477217.5432690731,4428517.138839211,1627.8789728019049,0.7842008099114689,1.5380700262729377,593.117159370016,False,False
robot1,1111,1722894756206008110,477216.7965433234,4428517.136435197,1627.8813538745717,0.7467296194897128,1.518805593541598,593.8638889895057,False,False
robot1,1112,1722894756701415242,477216.2028378984,4428516.724086136,1627.5158552880198,0.7228539823844937,1.4591110539794307,594.5867429718902,False,False
robot1,1113,1722894757201525185,477215.45623034687,4428516.728795134,1627.55897307359,0.7466224016632582,1.4929159157908989,595.3333653735534,False,False
robot1,1114,1722894757701011393,477214.7507195146,4428516.740659533,1627.563957323074,0.7056105855076734,1.4126728111005298,596.0389759590611,False,False
robot1,1115,1722894758200408682,477214.019791048,4428516.756774853,1627.5603323308274,0.7311060981950319,1.4639776380206917,596.7700820572561,False,False
robot1,1116,1722894758696948630,477213.2642437537,4428516.771436218,1627.5755350679644,0.7556895325503028,1.521909743030059,597.5257715898064,False,False
robot1,1117,1722894759202460243,477212.5255478106,4428516.788975347,1627.5982985851606,0.7389041327320983,1.4616966154914242,598.2646757225384,False,False
robot1,1118,1722894759704015981,477211.7400048107,4428516.826227231,1627.6344882030735,0.7864257800903142,1.5679722824196123,599.0511015026287,False,False
robot1,1119,1722894760197636787,477211.08789938426,4428516.837572802,1627.6425910828837,0.6522041161631376,1.3212652715903201,599.7033056187919,False,False
robot1,1120,1722894760701939869,477210.5238258775,4428516.924614768,1627.6463804673222,0.5707497041606504,1.131758999338518,600.2740553229526,False,False
robot1,1121,1722894761200633316,477209.9891100987,4428517.08397782,1627.654696691192,0.5579583736578866,1.1188408877241058,600.8320136966105,False,False
robot1,1122,1722894761699580699,477209.45702384575,4428517.333197086,1627.6656284303904,0.5875593782672833,1.1775978780439107,601.4195730748778,False,False
robot1,1123,1722894762197360265,477208.8054297447,4428517.696152514,1627.6719541415198,0.7458629331404216,1.4983798482175124,602.1654360080182,False,False
robot1,1124,1722894762704720233,477208.3915747933,4428517.698393344,1627.6841918824264,0.413861017864782,0.8157151281281184,602.579297025883,False,False
robot1,1125,1722894763201270150,477207.9865596895,4428517.592228368,1627.6811725245946,0.4186982642049276,0.8432141638203148,602.9979952900879,False,False
robot1,1126,1722894763702497073,477207.553987297,4428517.324429629,1627.6917700625308,0.5087583307784187,1.0150264695317763,603.5067536208663,False,False
robot1,1127,1722894764202497987,477206.8583712189,4428517.164550875,1627.6994804718993,0.7137527191586638,1.4275027155719746,604.220506340025,False,False
robot1,1128,1722894764700435990,477205.97276322567,4428516.992437594,1627.7158386465153,0.9021776429296464,1.811827560913433,605.1226839829548,False,False
robot1,1129,1722894765203639895,477205.1584095599,4428516.832316109,1627.7283816302763,0.8299462529350761,1.6493240697959344,605.9526302358898,False,False
robot1,1130,1722894765701765199,477204.39813755313,4428516.769215576,1627.7415848413812,0.762886099974648,1.531514415032131,606.7155163358644,False,False
robot1,1131,1722894766197930416,477203.59570000303,4428516.689614358,1627.7676962849196,0.8063760758554063,1.6252158868661413,607.5218924117198,False,False
robot1,1132,1722894766702949664,477202.76196476,4428516.676651391,1627.7721679771516,0.8338360114280554,1.6510984632146866,608.3557284231479,False,False
robot1,1133,1722894767200220789,477201.9779072953,4428516.670248391,1627.7934027456658,0.7840836093346714,1.5767730538085662,609.1398120324825,False,False
robot1,1134,1722894767700891773,477201.1611949512,4428516.678685821,1627.7569372684777,0.8167559263122262,1.6313221344692919,609.9565679587947,False,False
robot1,1135,1722894768198025689,477200.5323654107,4428516.679138613,1627.7901734924096,0.628829703527995,1.2649099461023234,610.5853976623227,False,False
robot1,1136,1722894768697439886,477199.9045347046,4428516.6677664,1627.7990039618735,0.6279336929908144,1.257340472119399,611.2133313553136,False,False
robot1,1137,1722894769203394867,477199.084235981,4428516.658392962,1627.8217871562342,0.8203522763109689,1.621393814391209,612.0336836316245,False,False
robot1,1138,1722894769696670724,477198.32322662417,4428516.653009279,1627.826204263799,0.7610283997441064,1.5428048062858506,612.7947120313686,False,False
robot1,1139,1722894770202166228,477197.5441189526,4428516.653544039,1627.837238989824,0.7791078551037192,1.5412754035195466,613.5738198864723,False,False
robot1,1140,1722894770701789492,477196.79049550765,4428516.656772053,1627.842685604943,0.7536303582182036,1.5083978667370583,614.3274502446905,False,False
robot1,1141,1722894771203393304,477196.0848157214,4428516.6687685065,1627.8598118531374,0.7057817478916383,1.407050124227149,615.033231992582,False,False
robot1,1142,1722894771701355639,477195.315007953,4428516.683270767,1627.86218936615,0.7699443589401472,1.5461902583207907,615.8031763515222,False,False
robot1,1143,1722894772196736453,477194.5731495391,4428516.689912532,1627.8590694731492,0.7418881446988099,1.4976108685585894,616.545064496221,False,False
robot1,1144,1722894772708354218,477193.86629453575,4428516.692644892,1627.8796683595615,0.7068602843442351,1.3816182256538867,617.2519247805652,False,False
robot1,1145,1722894773208418480,477193.1292657319,4428516.70193846,1627.874988345261,0.7370873951580228,1.4739850205923632,617.9890121757232,False,False
robot1,1146,1722894773699194288,477192.3377851095,4428516.681501357,1627.8890745214285,0.7917444352553258,1.6132506883869926,618.7807566109785,False,False
robot1,1147,1722894774203003495,477191.6485978292,4428516.605549488,1627.9017405121726,0.6933597866152047,1.376235479554149,619.4741163975938,False,False
robot1,1148,1722894774701309252,477190.8396955453,4428516.547973538,1627.9140359465785,0.8109487622280117,1.6274118546711405,620.2850651598218,False,False
robot1,1149,1722894775201557161,477190.0044298853,4428516.51991895,1627.92710670046,0.835736670661183,1.670644850757644,621.120801830483,False,False
robot1,1150,1722894775707566844,477189.1665199447,4428516.524533724,1627.9405663807363,0.8379226484271943,1.6559422660968484,621.9587244789101,False,False
robot1,1151,1722894776201594000,477188.3006836113,4428516.547772414,1627.9505115374657,0.8661481356411307,1.7532391470841127,622.8248726145512,False,False
robot1,1152,1722894776703343158,477187.4294151914,4428516.608823922,1627.9687494846714,0.8734048008747777,1.7407204269771477,623.698277415426,False,False
robot1,1153,1722894777204759622,477186.5846079991,4428516.622372592,1627.9777785044248,0.8449158293356005,1.6850580752470892,624.5431932447616,False,False
robot1,1154,1722894777697318423,477185.7711030495,4428516.626267246,1627.980351233814,0.8135142723341401,1.6516087180167165,625.3567075170957,False,False
robot1,1155,1722894778201986444,477184.9494796075,4428516.638262987,1627.9860240542132,0.8217110065245367,1.6282201816337118,626.1784185236203,False,False
robot1,1156,1722894778697862435,477184.1407326449,4428516.640294315,1627.981301209681,0.8087495136708955,1.6309516534275443,626.9871680372912,False,False
robot1,1157,1722894779202056954,477183.2876866293,4428516.658569679,1627.9924040394858,0.8532417556843347,1.692286922931052,627.8404097929755,False,False
robot1,1158,1722894779701772820,477182.47922620864,4428516.689398835,1627.9982661024528,0.8090480138062217,1.6190162600905986,628.6494578067817,False,False
robot1,1159,1722894780195337402,477181.6916070192,4428516.711384012,1628.0016948109132,0.7879259708526954,1.5963980826860056,629.4373837776344,False,False
robot1,1160,1722894780697255743,477180.8808169658,4428516.706611055,1628.0134922557872,0.8108041020491747,1.6154112363077004,630.2481878796835,False,False
robot1,1161,1722894781204464000,477180.09677351214,4428516.679236445,1628.0313457870045,0.7845211956826501,1.546742736106088,631.0327090753661,False,False
robot1,1162,1722894781696785440,477179.2820750708,4428516.658628881,1628.0355262552032,0.814959030894938,1.655339935503736,631.847668106261,False,False
robot1,1163,1722894782201063194,477178.4095696681,4428516.6474089725,1628.044478092649,0.8725775404020023,1.730351212767981,632.720245646663,False,False
robot1,1164,1722894782702121801,477177.5707498711,4428516.631852046,1628.0525653924196,0.8389640456357271,1.6743831592745466,633.5592096922987,False,False
robot1,1165,1722894783204243340,477176.75123825873,4428516.620853985,1628.0509304805814,0.8195854074629363,1.632244590878105,634.3787950997616,False,False
robot1,1166,1722894783702671549,477175.9543469478,4428516.622989936,1628.05413270239,0.7968941734984468,1.5988146804186008,635.1756892732601,False,False
robot1,1167,1722894784197104001,477175.1490515258,4428516.630725925,1628.0629647005874,0.8053325786159075,1.628801247476983,635.981021851876,False,False
robot1,1168,1722894784702913970,477174.3102341373,4428516.662348251,1628.0723573458502,0.8394132371969949,1.6595432984031753,636.820435089073,False,False
robot1,1169,1722894785199492463,477173.5834937845,4428516.657203672,1628.0737791559388,0.7267585617579857,1.4635322062048974,637.547193650831,False,False
robot1,1170,1722894785701120761,477172.8570424875,4428516.648779794,1628.0771036791482,0.7265001367147886,1.4482835069042344,638.2736937875458,False,False
robot1,1171,1722894786198047922,477172.0223337674,4428516.625128067,1628.0826890354642,0.835043742311417,1.680414433369163,639.1087375298572,False,False
robot1,1172,1722894786698070323,477171.1799507415,4428516.616313601,1628.1016150701937,0.8424291406769412,1.6847835681848602,639.9511666705341,False,False
robot1,1173,1722894787196672431,477170.2991529847,4428516.623822515,1628.1031483753932,0.8808297634822885,1.7665983995004118,640.8319964340164,False,False
robot1,1174,1722894787706271065,477169.4293993564,4428516.683466846,1628.106340811917,0.8717963180337697,1.7107513641102774,641.7037927520502,False,False
robot1,1175,1722894788201686947,477168.6055911908,4428516.6791511215,1628.1177607340974,0.8238194700387804,1.6628837111916097,642.5276122220889,False,False
robot1,1176,1722894788699815647,477167.82033478864,4428516.693352144,1628.128921847633,0.7853848013412843,1.5766705996233932,643.3129970234302,False,False
robot1,1177,1722894789198519736,477166.9906346013,4428516.711774219,1628.1212112155426,0.8299046775137088,1.6641229060323959,644.1429017009439,False,False
robot1,1178,1722894789705218431,477166.2521339301,4428516.734647499,1628.1281156006307,0.738854808661922,1.458174142213019,644.8817565096058,False,False
robot1,1179,1722894790203108997,477165.5600395447,4428516.749842741,1628.1320024705356,0.6922611744457072,1.3903878087838355,645.5740176840515,False,False
robot1,1180,1722894790699748153,477164.8384475715,4428516.760041746,1628.1434323835658,0.7216640461606908,1.4530957634186183,646.2956817302121,False,False
robot1,1181,1722894791198408506,477164.01948098326,4428516.794220443,1628.1430767898162,0.8196794836703066,1.643763180918638,647.1153612138824,False,False
robot1,1182,1722894791699092284,477163.27112297545,4428516.823120352,1628.1509510585531,0.7489158247731197,1.4957860589466743,647.8642770386555,False,False
robot1,1183,1722894792199748146,477162.4648288383,4428516.86165908,1628.1524818611692,0.8072146363547951,1.6123142726694817,648.6714916750103,False,False
robot1,1184,1722894792700543467,477161.64762616006,4428516.896097557,1628.1625204003406,0.8179280078440856,1.633257945302463,649.4894196828544,False,False
robot1,1185,1722894793198232057,477160.9801769466,4428516.842432383,1628.1702321271316,0.6696031685641936,1.3454255119487297,650.1590228514186,False,False
robot1,1186,1722894793697012549,477160.3317591393,4428516.826131565,1628.170986451434,0.6486226711430446,1.3004177098606127,650.8076455225616,False,False
robot1,1187,1722894794196970522,477159.6571746563,4428516.812328238,1628.1796749789864,0.6747256898674351,1.3495646397067693,651.482371212429,False,False
robot1,1188,1722894794695956378,477158.9794958741,4428516.799362738,1628.184069133077,0.6778028002642179,1.3583603395861006,652.1601740126932,False,False
robot1,1189,1722894795197451794,477158.28527068393,4428516.81497642,1628.19964455158,0.6944007500866962,1.3846603650484306,652.85457476278,False,False
robot1,1190,1722894795697273296,477157.5275463834,4428516.848503179,1628.2134911501073,0.7584656611815813,1.5174732895137772,653.6130404239616,False,False
robot1,1191,1722894796200625802,477156.8557829156,4428516.843773915,1628.2245974337284,0.6717801147495807,1.3346112816676212,654.2848205387112,False,False
robot1,1192,1722894796700414149,477156.3227725579,4428516.844412128,1628.2288245115055,0.5330107397896756,1.0664730577555097,654.8178312785009,False,False
robot1,1193,1722894797214038243,477155.6842503136,4428516.854535003,1628.2406226382843,0.6386024812417653,1.2433263309602123,655.4564337597426,False,False
robot1,1194,1722894797701409618,477155.0841741404,4428516.865163331,1628.2514545976678,0.6001702883281081,1.2314438780753667,656.0566040480707,False,False
robot1,1195,1722894798202295331,477154.4576014598,4428516.889953513,1628.276512549984,0.6270628973146228,1.2519081019685263,656.6836669453853,False,False
robot1,1196,1722894798697932982,477153.96259484015,4428516.897938192,1628.2664051398892,0.4950710137046896,0.9988567423248059,657.17873795909,False,False
robot1,1197,1722894799198010678,477153.4027807615,4428516.923339427,1628.2689996422866,0.5603900654461571,1.120605933917342,657.7391280245362,False,False
robot1,1198,1722894799700250912,477152.8462709913,4428516.954799679,1628.2778420629286,0.5573983061690718,1.1098241982419401,658.2965263307052,False,False
robot1,1199,1722894800218851758,477152.21787596185,4428516.990402818,1628.2857230543218,0.6294028094389152,1.2136553562438246,658.9259291401441,False,False
robot1,1200,1722894800698759419,477151.66083911655,4428517.02638361,1628.2804028579162,0.5581976930007088,1.1631359757241346,659.4841268331448,False,False
robot1,1201,1722894801204174916,477151.0675813248,4428517.046915766,1628.2822506132916,0.5936129857927305,1.1745050492636764,660.0777398189375,False,False
robot1,1202,1722894801699303627,477150.3668900745,4428517.074237717,1628.2834975715634,0.7012237283747234,1.4162448825899172,660.7789635473123,False,False
robot1,1203,1722894802200757800,477149.65146872186,4428517.094084042,1628.284782196511,0.7156965756790349,1.4272424024317016,661.4946601229914,False,False
robot1,1204,1722894802705935613,477148.9860033799,4428517.0929422,1628.296223586532,0.6654663215568073,1.317290845767321,662.1601264445482,False,False
robot1,1205,1722894803201022374,477148.3254356499,4428517.094162397,1628.2965892474483,0.6605688569952531,1.334248924737746,662.8206953015434,False,False
robot1,1206,1722894803700288430,477147.5825902136,4428517.096639142,1628.30401692553,0.7428495651543784,1.4878829031472955,663.5635448666978,False,False
robot1,1207,1722894804199198921,477146.8280023655,4428517.102606096,1628.3078519452508,0.7546114398219974,1.512518878825854,664.3181563065199,False,False
robot1,1208,1722894804703251045,477146.1114809596,4428517.108751358,1628.3170120356112,0.7165477579118145,1.4215752864869637,665.0347040644317,False,False
robot1,1209,1722894805200398937,477145.3789913821,4428517.118649855,1628.3266232460046,0.73255645610212,1.4735177485288853,665.7672605205338,False,False
robot1,1210,1722894805700545006,477144.6271322507,4428517.130314337,1628.3203265153666,0.7519496084075801,1.5034597537580934,666.5192101289414,False,False
robot1,1211,1722894806201270844,477143.9586852736,4428517.140768254,1628.3219561145088,0.6685287170908605,1.335119518468307,667.1877388460323,False,False
robot1,1212,1722894806702453834,477143.2165172647,4428517.157622237,1628.3282213796049,0.7423593537663933,1.4812140573440824,667.9300981997986,False,False
robot1,1213,1722894807197956341,477142.47674758045,4428517.178785446,1628.328050468622,0.7400723391604825,1.4935795098803286,668.6701705389592,False,False
robot1,1214,1722894807702376592,477141.7922761459,4428517.206552764,1628.3282786843042,0.6850344288429415,1.3580628205966014,669.3552049678021,False,False
robot1,1215,1722894808205063412,477141.0796922986,4428517.191573425,1628.327801606127,0.7127412714411311,1.4178636836621443,670.0679462392433,False,False
robot1,1216,1722894808699909527,477140.370488669,4428517.193590085,1628.3240178197766,0.7092064968160559,1.4331852814991262,670.7771527360593,False,False
robot1,1217,1722894809203689822,477139.7275851391,4428517.192348943,1628.3313615958823,0.6429047279496967,1.2761613530188611,671.420057464009,False,False
robot1,1218,1722894809701739517,477139.1025859104,4428517.199058142,1628.3340539836554,0.6250352383726272,1.2549655047780746,672.0450927023817,False,False
robot1,1219,1722894810199923098,477138.52437441045,4428517.197771288,1628.332493123598,0.5782129319524889,1.1606419485588901,672.6233056343342,False,False
robot1,1220,1722894810702508723,477137.9063408295,4428517.203614781,1628.3326647265308,0.6180612053675415,1.2297635222827277,673.2413668397018,False,False
robot1,1221,1722894811200227132,477137.2704485988,4428517.212089468,1628.3295629415975,0.635948700305121,1.2777280976194325,673.8773155400069,False,False
robot1,1222,1722894811702262583,477136.5787109783,4428517.223458557,1628.3195703540332,0.6918310427737999,1.3780517122797373,674.5691465827807,False,False
robot1,1223,1722894812205853038,477135.8584117311,4428517.238434315,1628.3125248394692,0.720454911073088,1.4306368612479992,675.2896014938538,False,False
robot1,1224,1722894812697025848,477135.1658669567,4428517.258129439,1628.3004738680477,0.6928247703862626,1.4105520170252444,675.98242626424,False,False
robot1,1225,1722894813201158612,477134.4672284833,4428517.275021717,1628.289526275821,0.698842661523171,1.3862268108516544,676.6812689257631,False,False
robot1,1226,1722894813697742243,477133.8017551057,4428517.300346784,1628.278957788389,0.6659550850346501,1.3410738301118257,677.3472240107977,False,False
robot1,1227,1722894814195935117,477133.1771159592,4428517.316954909,1628.271459654636,0.6248598988654765,1.2542526024460805,677.9720839096632,False,False
robot1,1228,1722894814705264640,477132.6098942805,4428517.340686303,1628.265450147816,0.5677178980884731,1.1146381661335325,678.5398018077517,False,False
robot1,1229,1722894815200861844,477132.13915716176,4428517.357474054,1628.2579696740238,0.47103637180405794,0.9504416436168076,679.0108381795558,False,False
robot1,1230,1722894815700403037,477131.740235178,4428517.375984366,1628.2529512647402,0.39935119980940864,0.7994362113343336,679.4101893793652,False,False
robot1,1231,1722894816204064864,477131.2595843287,4428517.456954579,1628.2477467482915,0.4874232393802532,0.9677588626168354,679.8976126187455,False,False
robot1,1232,1722894816696960990,477130.79745452845,4428517.522400519,1628.2393798506582,0.46674095955417316,0.9469358318653908,680.3643535782996,False,False
robot1,1233,1722894817196835372,477130.3390758302,4428517.592745014,1628.2348446521628,0.46374495032883406,0.9277230311305217,680.8280985286285,False,False
robot1,1234,1722894817705248098,477129.8669712289,4428517.674703267,1628.2262468446334,0.4791658480300059,0.9424739350244395,681.3072643766585,False,False
robot1,1235,1722894818198151989,477129.4901299935,4428517.74486992,1628.2184318250472,0.3833179827825043,0.7776731549455588,681.690582359441,False,False
robot1,1236,1722894818698840556,477129.2368467231,4428517.78555928,1628.2158653335043,0.25653077594300133,0.5123557395597678,681.947113135384,False,False
robot1,1237,1722894819200749482,477129.0089698691,4428517.823557032,1628.2098006173228,0.23102313690260198,0.4602888747135637,682.1781362722867,False,False
robot1,1238,1722894819698829611,477128.7623644864,4428517.869256526,1628.2007065143305,0.2508040241481359,0.5035416328764807,682.4289402964348,False,False
robot1,1239,1722894820199030663,477128.67470321327,4428517.882108899,1628.202953868616,0.0885984327712741,0.1771255812529128,682.5175387292061,False,False
robot1,1240,1722894820698794108,477128.4775964092,4428517.897671153,1628.1980686790394,0.1977201961252708,0.39562791043852985,682.7152589253313,False,False
robot1,1241,1722894821199136905,477128.0561525849,4428517.92210616,1628.1918442588762,0.42215159198362084,0.8437242468224008,683.137410517315,False,False
robot1,1242,1722894821703060711,477127.6880247473,4428517.95803998,1628.17345302404,0.36987747197665505,0.7339950578472991,683.5072879892916,False,False
robot1,1243,1722894822200084600,477127.4620580201,4428517.982851195,1628.1649050276797,0.22732478565610467,0.4573720133875174,683.7346127749478,False,False
robot1,1244,1722894822704332137,477127.1741305135,4428517.994539458,1628.1518762427088,0.2881646483472043,0.5714744323418947,684.022777423295,False,False
robot1,1245,1722894823201953184,477126.8136733328,4428517.977405095,1628.1369535631331,0.36086419266207936,0.7251786993989625,684.3836416159571,False,False
robot1,1246,1722894823707037289,477126.384651071,4428517.966688624,1628.122772056882,0.4291560833553622,0.8496726311941836,684.8127976993125,False,False
robot1,1247,1722894824207665177,477125.9459597134,4428517.952406626,1628.1180588607374,0.43892377771950203,0.8767463715750168,685.251721477032,False,False
robot1,1248,1722894824702712560,477125.3659161077,4428517.955000533,1628.1186302409742,0.5800494055413088,1.1717049449351653,685.8317708825733,False,False
robot1,1249,1722894825201784308,477124.7157100681,4428517.927475919,1628.1232753104578,0.6507883667504438,1.303997379117851,686.4825592493238,False,False
robot1,1250,1722894825699393137,477124.1012689266,4428517.874990834,1628.1338857289609,0.6166786850374518,1.239284467015979,687.0992379343612,False,False
robot1,1251,1722894826202158182,477123.4910297863,4428517.821034384,1628.1504983673665,0.6126198713922381,1.2185015746586956,687.7118578057534,False,False
robot1,1252,1722894826700310153,477122.849702807,4428517.758732708,1628.1634423192345,0.6443460197313099,1.2934720498703036,688.3562038254847,False,False
robot1,1253,1722894827197442303,477122.1797154624,4428517.69074327,1628.1811649171914,0.6734282483288921,1.3546264636085572,689.0296320738137,False,False
robot1,1254,1722894827701323963,477121.5539059759,4428517.638836178,1628.1766581618813,0.6279584855824514,1.2462419144171677,689.6575905593961,False,False
robot1,1255,1722894828202819739,477120.9605412893,4428517.587513072,1628.1904015437149,0.5955801478030163,1.1876073587807616,690.2531707071992,False,False
robot1,1256,1722894828702190529,477120.25812400976,4428517.618073984,1628.2026522662145,0.7030817903415018,1.4079352888029448,690.9562524975406,False,False
robot1,1257,1722894829203052174,477119.5883454768,4428517.638659394,1628.2137399946364,0.6700948010317633,1.3378840405579342,691.6263472985723,False,False
robot1,1258,1722894829703845067,477118.979226216,4428517.643748133,1628.213493159709,0.6091405167473458,1.2163525265715642,692.2354878153197,False,False
robot1,1259,1722894830207482458,477118.4092977825,4428517.632669465,1628.2303566947653,0.5700361007532729,1.1318384978346303,692.8055239160731,False,False
robot1,1260,1722894830702068633,477117.7238573695,4428517.635949799,1628.2447305045323,0.6854482623688717,1.38590177264041,693.4909721784419,False,False
robot1,1261,1722894831200740619,477117.03736584535,4428517.640094108,1628.2562795314386,0.6865040335219125,1.3766651226115993,694.1774762119638,False,False
robot1,1262,1722894831702679560,477116.2950795048,4428517.653986002,1628.266777778351,0.7424163226388428,1.4790965364353943,694.9198925346027,False,False
robot1,1263,1722894832206290925,477115.54259329935,4428517.671171782,1628.280109757281,0.7526824299581061,1.4945700995469884,695.6725749645608,False,False
robot1,1264,1722894832700042262,477114.86655652913,4428517.686893311,1628.2953612092392,0.676219551026113,1.3695550132220102,696.3487945155869,False,False
robot1,1265,1722894833202593564,477114.05425551656,4428517.7231773725,1628.3016923417636,0.8131109814270558,1.6179660734612071,697.1619054970139,False,False
robot1,1266,1722894833703157332,477113.3123309217,4428517.736514174,1628.3162843892262,0.742044456037251,1.4824178668487717,697.9039499530511,False,False
robot1,1267,1722894834202661727,477112.504744238,4428517.740604531,1628.3319847588905,0.8075970423017996,1.6167968872276084,698.7115469953529,False,False
robot1,1268,1722894834695402516,477111.6991815622,4428517.741643484,1628.340726342703,0.8055633457944946,1.6348620453907219,699.5171103411474,False,False
robot1,1269,1722894835201954639,477110.93453687575,4428517.749270097,1628.35895156084,0.7646827196367426,1.5095831986606956,700.2817930607841,False,False
robot1,1270,1722894835709898519,477110.1749404523,4428517.761654346,1628.3856210536164,0.7596973713881765,1.4956325261423011,701.0414904321723,False,False
robot1,1271,1722894836198024294,477109.3218936679,4428517.774096737,1628.3936366704206,0.853137520844322,1.7477820654951788,701.8946279530167,False,False
robot1,1272,1722894836697755765,477108.5777699659,4428517.742366829,1628.41356474283,0.7447998864905027,1.4904007075806163,702.6394278395071,False,False
robot1,1273,1722894837199577459,477107.8052914463,4428517.720294107,1628.4586559005984,0.7727938071586927,1.5399766896511597,703.4122216466658,False,False
robot1,1274,1722894837700035408,477107.09760717937,4428517.716098265,1628.4926846177043,0.7076967053154845,1.41409809086752,704.1199183519813,False,False
robot1,1275,1722894838201958490,477106.3921622007,4428517.714355648,1628.514558705083,0.7054471310031443,1.4054885163223059,704.8253654829844,False,False
robot1,1276,1722894838702932716,477105.6642765831,4428517.725242267,1628.557732328738,0.7279670258848221,1.4531021975781018,705.5533325088692,False,False
robot1,1277,1722894839196059190,477105.0314321281,4428517.730420714,1628.580944265102,0.6328656417889947,1.2833741036541446,706.1861981506581,False,False
robot1,1278,1722894839699483175,477104.3538631111,4428517.744780948,1628.6094654597118,0.6777211735720211,1.3462235985276068,706.8639193242301,False,False
robot1,1279,1722894840201504863,477103.7582010679,4428517.764305284,1628.63988633972,0.5959819371394923,1.1871640486257664,707.4599012613696,False,False
robot1,1280,1722894840703842503,477103.20183011296,4428517.807786555,1628.643366299038,0.5580674335890126,1.110940260305203,708.0179686949587,False,False
robot1,1281,1722894841201628282,477102.6952207016,4428517.830018516,1628.6882641618429,0.5070969885341224,1.0187056855219612,708.5250656834928,False,False
robot1,1282,1722894841697437365,477102.19196987577,4428517.869344285,1628.7091417119932,0.5047850134279256,1.0181031224941643,709.0298506969208,False,False
robot1,1283,1722894842204858167,477101.722797522,4428517.906884479,1628.726708620977,0.47067182173718375,0.9275773934393644,709.5005225186579,False,False
robot1,1284,1722894842701421065,477101.2107784629,4428517.9335147645,1628.7510379771816,0.5127111164858089,1.0325198617207818,710.0132336351437,False,False
robot1,1285,1722894843202228118,477100.6809649799,4428517.951644294,1628.7697553008377,0.5301235766809382,1.0585380688981423,710.5433572118246,False,False
robot1,1286,1722894843702721100,477100.11847711535,4428517.986901373,1628.7887104623228,0.5635917488697175,1.1260736143543155,711.1069489606944,False,False
robot1,1287,1722894844198223983,477099.6356727159,4428518.009563209,1628.7976294802772,0.4833359565906753,0.9754456363249268,711.590284917285,False,False
robot1,1288,1722894844705426297,477099.2110428754,4428518.033601795,1628.8143536083749,0.4253097166493306,0.8385404478981959,712.0155946339343,False,False
robot1,1289,1722894845204911129,477098.69008861785,4428518.067828707,1628.8285258448564,0.5220774080502382,1.045231870158271,712.5376720419845,False,False
robot1,1290,1722894845708495700,477098.1940418572,4428518.103525389,1628.8489341957647,0.49732951030603045,0.9875788244102557,713.0350015522905,False,False
robot1,1291,1722894846196912272,477097.6690696109,4428518.130331149,1628.8653903865854,0.5256561691763074,1.0762453445532991,713.5606577214668,False,False
robot1,1292,1722894846697858355,477097.2545981839,4428518.161737465,1628.8888089277866,0.41565962092183145,0.8297492816549846,713.9763173423886,False,False
robot1,1293,1722894847198889300,477097.114015528,4428518.169270874,1628.8957055198316,0.14078435775389248,0.2809893593191558,714.1171017001425,False,False
robot1,1294,1722894847700203065,477096.8282811107,4428518.190474537,1628.9011550501891,0.28652007360188714,0.5715385025214179,714.4036217737444,False,False
robot1,1295,1722894848205540958,477096.4437127925,4428518.172434317,1628.924327793891,0.3849912218616762,0.7618490143947751,714.7886129956061,False,False
robot1,1296,1722894848705957581,477096.0650574838,4428518.116117427,1628.9458816944075,0.38282036893698346,0.7650030991061344,715.1714333645431,False,False
robot1,1297,1722894849208054234,477095.6686530553,4428518.091968435,1628.9628598022184,0.3971393266028583,0.7909619079158131,715.568572691146,False,False
robot1,1298,1722894849701933629,477095.22577636415,4428518.061273696,1628.9741734966944,0.4439391068429743,0.8988817519782544,716.012511797989,False,False
robot1,1299,1722894850200045059,477094.8447492512,4428517.986956952,1628.9943259991198,0.3882069540909859,0.7793575628408914,716.4007187520799,False,False
robot1,1300,1722894850703933181,477094.389699901,4428517.883599489,1629.0192522044465,0.4666397714734984,0.9260781183700568,716.8673585235534,False,False
robot1,1301,1722894851198576772,477093.8449631662,4428517.739093136,1629.045334346647,0.5635780303094943,1.1393616127159643,717.4309365538629,False,False
robot1,1302,1722894851701187739,477093.3114674763,4428517.554372743,1629.070853527658,0.5645699910992577,1.1232744187298158,717.9955065449622,False,False
robot1,1303,1722894852197926435,477092.8109724078,4428517.346132174,1629.10582200124,0.5420880445236947,1.0912947491004972,718.5375945894858,False,False
robot1,1304,1722894852704835679,477092.2145851578,4428517.036653118,1629.140632177193,0.6719040392936738,1.3254914556695507,719.2094986287794,False,False
robot1,1305,1722894853205656609,477091.5934338628,4428516.691584277,1629.1827321179542,0.7105641677615935,1.4187990217529427,719.9200627965411,False,False
robot1,1306,1722894853697395966,477090.9022742136,4428516.315703031,1629.230139290474,0.7867581406977332,1.5999490020926326,720.7068209372388,False,False
robot1,1307,1722894854197107420,477090.2279672441,4428515.946305779,1629.27213750981,0.7688590370238441,1.5386058079971952,721.4756799742627,False,False
robot1,1308,1722894854702149087,477089.5618605742,4428515.592190486,1629.3241099675006,0.754384342400445,1.4937073371487657,722.2300643166632,False,False
robot1,1309,1722894855206641267,477088.9363837556,4428515.320755361,1629.3498062734598,0.6818344946348663,1.3515267527751738,722.911898811298,False,False
robot1,1310,1722894855704532867,477088.206298284,4428515.196356094,1629.3860658753688,0.7406078403950562,1.4874872156913226,723.652506651693,False,False
robot1,1311,1722894856197055389,477087.5163604928,4428515.368846334,1629.4039586269987,0.7111730016898753,1.4439401921879973,724.3636796533829,False,False
robot1,1312,1722894856697484239,477086.9433809776,4428515.70288094,1629.426189146147,0.6632379990410248,1.325339713823467,725.0269176524239,False,False
robot1,1313,1722894857204768029,477086.3498072044,4428516.20959412,1629.3967806907494,0.7804409464603508,1.5384704171460266,725.8073585988842,False,False
robot1,1314,1722894857700847067,477085.9310275842,4428516.66504563,1629.4828009848954,0.6187183916620446,1.2472169435781588,726.4260769905462,False,False
robot1,1315,1722894858201521175,477085.5044595548,4428517.152154238,1629.569477084364,0.6474836518922679,1.2932240137003022,727.0735606424385,False,False
robot1,1316,1722894858706763389,477085.0769502161,4428517.63364891,1629.5753504266788,0.6438954523269768,1.2744295071143743,727.7174560947655,False,False
robot1,1317,1722894859202226335,477084.68833886046,4428518.137079912,1629.5999227421348,0.635972924035746,1.2835928283238411,728.3534290188012,False,False
robot1,1318,1722894859699865052,477084.318269542,4428518.673834784,1629.6408701415946,0.6519640272073403,1.310115198180502,729.0053930460085,False,False
robot1,1319,1722894860196150965,477083.9845667021,4428519.212154917,1629.6588925657072,0.6333609961592138,1.276201835550682,729.6387540421678,False,False
robot1,1320,1722894860698014930,477083.6803662747,4428519.7960086,1629.6743282512616,0.6583487089581641,1.311807115245378,730.297102751126,False,False
robot1,1321,1722894861195727037,477083.4081231496,4428520.472392915,1629.68536148269,0.7291173160862567,1.4649377910484083,731.0262200672122,False,False
robot1,1322,1722894861698364943,477083.1530358445,4428521.128252256,1629.7097901974978,0.7037194101936629,1.4000525264265715,731.7299394774059,False,False
robot1,1323,1722894862197192009,477082.898839054,4428521.820822178,1629.714490091183,0.7377459631027623,1.4789616275947257,732.4676854405086,False,False
robot1,1324,1722894862708208257,477082.76340491406,4428522.491773918,1629.734380126768,0.6844842171390528,1.339456539636961,733.1521696576476,False,False
robot1,1325,1722894863197143390,477082.7332684364,4428523.204069753,1629.7401752299925,0.7129330709899973,1.458134680708558,733.8651027286376,False,False
robot1,1326,1722894863697441381,477082.8016588541,4428523.954215989,1629.7450053648347,0.7532573431623534,1.5056172685001403,734.6183600717999,False,False
robot1,1327,1722894864209316680,477082.907999412,4428524.666026093,1629.7350142242065,0.7197096205124887,1.4060257015286792,735.3380696923124,False,False
robot1,1328,1722894864701716399,477083.0202270021,4428525.33754137,1629.7413689847997,0.6808287587673273,1.3826743587235772,736.0188984510797,False,False
robot1,1329,1722894865198113183,477083.1329149058,4428525.958365682,1629.7442990895422,0.6309686124001704,1.2710973112725,736.6498670634799,False,False
robot1,1330,1722894865699155599,477083.276231501,4428526.59829066,1629.7416361742462,0.655777115344232,1.3088250570403748,737.3056441788241,False,False
robot1,1331,1722894866197818699,477083.4243508303,4428527.223334833,1629.734250533064,0.642354694425687,1.288154661055707,737.9479988732497,False,False
robot1,1332,1722894866700859292,477083.6608578592,4428527.755785708,1629.7154749495646,0.5826143744155585,1.1581851518829156,738.5306132476653,False,False
robot1,1333,1722894867203226594,477083.8480896278,4428528.216848184,1629.698613117611,0.497628719018656,0.9905675798390403,739.0282419666839,False,False
robot1,1334,1722894867699911875,477084.0639835035,4428528.622689628,1629.6917393013284,0.4596927702013879,0.9255212530171679,739.4879347368853,False,False
robot1,1335,1722894868198213180,477084.32245007326,4428529.13154304,1629.6746755069694,0.5707335304917296,1.1453583756935117,740.058668267377,False,False
robot1,1336,1722894868698707696,477084.6294349642,4428529.762807377,1629.6705986473194,0.7019504154081715,1.4025131322854343,740.7606186827852,False,False
robot1,1337,1722894869201832248,477084.8059160431,4428530.231635971,1629.6633657201348,0.5009449291641778,0.9956679779633606,741.2615636119494,False,False
robot1,1338,1722894869699606951,477085.0046831946,4428530.71623806,1629.6526995794206,0.5237819825279353,1.052246801300711,741.7853455944773,False,False
robot1,1339,1722894870202958543,477085.316363128,4428531.419923078,1629.643826070968,0.7696213262169197,1.5289939589291877,742.5549669206943,False,False
robot1,1340,1722894870700843363,477085.4846416143,4428531.818817568,1629.6346974825656,0.43293701954942254,0.8695526810792715,742.9879039402437,False,False
robot1,1341,1722894871205833139,477085.6260432758,4428532.136696597,1629.6301088991931,0.34791019920489114,0.688944917671171,743.3358141394485,False,False
robot1,1342,1722894871700471227,477085.81369246816,4428532.549802891,1629.6220867326535,0.4537279248834102,0.9172925194357767,743.789542064332,False,False
robot1,1343,1722894872201117461,477085.917726156,4428533.044502985,1629.56378427736,0.5055207126989192,1.0097366147660787,744.2950627770309,False,False
robot1,1344,1722894872699223855,477085.8765729387,4428533.274529104,1629.5820480115513,0.23367841769514053,0.4691336874637237,744.5287411947261,False,False
robot1,1345,1722894873199626261,477085.8409168941,4428533.460419959,1629.563470209071,0.18927959105325898,0.37825472445400715,744.7180207857793,False,False
robot1,1346,1722894873696889943,477085.7422018585,4428533.75066677,1629.5935112701004,0.3065744108875602,0.61652284170992,745.024595196667,False,False
robot1,1347,1722894874200970285,477085.6060173564,4428534.033016463,1629.5700365731277,0.3134765821502408,0.6218782700091113,745.3380717788172,False,False
robot1,1348,1722894874703109623,477085.47859262174,4428534.5083647445,1629.5502216967452,0.49213113281904025,0.9800684189395278,745.8302029116362,False,False
robot1,1349,1722894875196778545,477085.2130740697,4428535.198833872,1629.5361123916011,0.7397619326670803,1.498498468428799,746.5699648443033,False,False
robot1,1350,1722894875698184962,477085.15350161766,4428535.93796772,1629.5153049899554,0.7415306625465389,1.478901379016295,747.3114955068498,False,False
robot1,1351,1722894876201594930,477085.1016772144,4428536.698592928,1629.476409970117,0.7623886643384451,1.514449201540454,748.0738841711883,False,False
robot1,1352,1722894876704192126,477084.9799845113,4428537.449714206,1629.4633002212988,0.760915427714969,1.5139670273294001,748.8347995989033,False,False
robot1,1353,1722894877201294658,477084.9099966132,4428538.222286485,1629.4312961980434,0.7757359293706955,1.5605142980830817,749.610535528274,False,False
robot1,1354,1722894877696083094,477084.8679182675,4428539.04848797,1629.4086842453855,0.8272723132273881,1.671971090582292,750.4378078415014,False,False
robot1,1355,1722894878208678411,477084.8492992392,4428539.894152354,1629.3847885771495,0.8458693279049325,1.650170283216109,751.2836771694062,False,False
robot1,1356,1722894878705319368,477084.8413654382,4428540.725616314,1629.3610532241028,0.8315018111686816,1.6742515097200834,752.1151789805749,False,False
robot1,1357,1722894879204238381,477084.8117870769,4428541.552664886,1629.326987201316,0.827577319373675,1.6587408026492567,752.9427562999485,False,False
robot1,1358,1722894879702007877,477084.7659570725,4428542.37431668,1629.313853077267,0.8229289519223634,1.6532334551669685,753.7656852518709,False,False
robot1,1359,1722894880197733852,477084.73240807885,4428543.168813407,1629.2962248699316,0.7952047437406846,1.6041211669585358,754.5608899956115,False,False
robot1,1360,1722894880703141814,477084.7070703226,4428543.987096198,1629.2808476121554,0.8186749825733541,1.6198297292512622,755.3795649781849,False,False
robot1,1361,1722894881209343322,477084.68451175065,4428544.775409342,1629.2610132893162,0.7886358487874059,1.5579491791546813,756.1682008269723,False,False
robot1,1362,1722894881702929723,477084.6671995415,4428545.525857219,1629.2405986812769,0.7506475393321412,1.5208022872630758,756.9188483663045,False,False
robot1,1363,1722894882202780496,477084.6630794442,4428546.32775719,1629.2232559787396,0.8019105557343064,1.6042999951150734,757.7207589220387,False,False
robot1,1364,1722894882704345247,477084.6326633098,4428547.097920881,1629.1952536473016,0.7707640700370311,1.5367190051944297,758.4915229920757,False,False
robot1,1365,1722894883197378142,477084.5803468771,4428547.784751735,1629.1738108845784,0.6888204636889337,1.397108425397547,759.1803434557646,False,False
robot1,1366,1722894883697642776,477084.53275374655,4428548.485937107,1629.1570045345552,0.7027987143597461,1.4048538546825613,759.8831421701244,False,False
robot1,1367,1722894884202160615,477084.4906365541,4428549.167801552,1629.1334889497944,0.6831639476654585,1.3540928709683626,760.5663061177898,False,False
robot1,1368,1722894884710728356,477084.4450867688,4428549.895863747,1629.1141176004985,0.7294856697652664,1.4343921407082765,761.2957917875551,False,False
robot1,1369,1722894885198691852,477084.4044972467,4428550.610424635,1629.0873698120854,0.7157127717488102,1.46673442303859,762.011504559304,False,False
robot1,1370,1722894885702175683,477084.3684182183,4428551.329715607,1629.0709133006733,0.7201952501532632,1.430423280288684,762.7316998094572,False,False
robot1,1371,1722894886205545905,477084.3600149635,4428552.073844554,1629.0537909636191,0.7441763935197225,1.4783883119847496,763.4758762029769,False,False
robot1,1372,1722894886698373203,477084.40068847616,4428552.782503686,1629.0304145227876,0.7098254010784564,1.4403130227733179,764.1857016040553,False,False
robot1,1373,1722894887197845480,477084.4424807911,4428553.416504635,1629.0098239426486,0.6353768963805998,1.272096160316236,764.821078500436,False,False
robot1,1374,1722894887701557250,477084.5163892956,4428554.142250489,1628.992995944543,0.7294994948135485,1.448248063678313,765.5505779952496,False,False
robot1,1375,1722894888201272127,477084.5059874754,4428554.855232429,1628.968640934106,0.7130578122800487,1.4269293984594416,766.2636358075296,False,False
robot1,1376,1722894888701487111,477084.5259791541,4428555.484581372,1628.9502310833798,0.6296663872920316,1.2587913594619191,766.8933021948216,False,False
robot1,1377,1722894889198924424,477084.5409149786,4428556.15135113,1628.933530308042,0.6669370201594839,1.3407454219810755,767.560239214981,False,False
robot1,1378,1722894889701163634,477084.5614639205,4428556.79608998,1628.9110881187607,0.6450662322197687,1.2843810347400004,768.2053054472008,False,False
robot1,1379,1722894890202947406,477084.5679197818,4428557.416129509,1628.894756875175,0.6200731375204456,1.2357375396361339,768.8253785847212,False,False
robot1,1380,1722894890703040374,477084.532529938,4428558.0595507845,1628.8758786659096,0.644393807282115,1.28854798781555,769.4697723920033,False,False
robot1,1381,1722894891202240065,477084.4765850352,4428558.736575571,1628.8578109990635,0.6793323144763956,1.3608429879418014,770.1491047064796,False,False
robot1,1382,1722894891696308922,477084.4259190365,4428559.392478593,1628.841362540504,0.6578569885915183,1.3315080610292063,770.8069616950712,False,False
robot1,1383,1722894892199584724,477084.3847163314,4428559.98366262,1628.827278044456,0.5926181040704924,1.177521948966234,771.3995797991417,False,False
robot1,1384,1722894892703382328,477084.3270736902,4428560.6675662855,1628.8135116122671,0.6863285637862168,1.3623102960620441,772.085908362928,False,False
robot1,1385,1722894893206492298,477084.2688369228,4428561.448246404,1628.7842347150254,0.7828492625750489,1.5560195533476628,772.868757625503,False,False
robot1,1386,1722894893695965456,477084.2677753343,4428562.220343099,1628.7643674018177,0.7720974251896446,1.5774052100671394,773.6408550506926,False,False
robot1,1387,1722894894205328904,477084.2763635322,4428562.889567855,1628.744901603815,0.6692798599762577,1.3139535409938836,774.3101349106689,False,False
robot1,1388,1722894894700404156,477084.3039459491,4428563.577435721,1628.7265988600604,0.6884206495011217,1.3905374649819469,774.9985555601701,False,False
robot1,1389,1722894895206769302,477084.34403939423,4428564.27292961,1628.7098532995212,0.6966485728356282,1.3757826097129113,775.6952041330057,False,False
robot1,1390,1722894895698808036,477084.2660538809,4428564.908991894,1628.690125077852,0.6408252253263669,1.302388411576779,776.3360293583321,False,False
robot1,1391,1722894896197287444,477084.23146449454,4428565.489878546,1628.6811443835331,0.5819155685548744,1.1673814562702538,776.917944926887,False,False
robot1,1392,1722894896697280128,477084.2205089135,4428566.137669895,1628.6607408690595,0.6478839832985112,1.295787120859921,777.5658289101855,False,False
robot1,1393,1722894897205850034,477084.22280661867,4428566.822469597,1628.646347548804,0.6848035566354368,1.3465271154022174,778.2506324668209,False,False
robot1,1394,1722894897703151832,477084.2365226914,4428567.472950711,1628.6300436423476,0.6506257069427982,1.3083115419642524,778.9012581737637,False,False
robot1,1395,1722894898198291787,477084.2668882357,4428568.056602314,1628.6162242207668,0.5844409809371909,1.1803554005378474,779.4856991547009,False,False
robot1,1396,1722894898700518960,477084.3087426877,4428568.677557439,1628.6015708932666,0.6223640910200355,1.2392085786288864,780.1080632457209,False,False
robot1,1397,1722894899201200541,477084.2975394547,4428569.346635872,1628.5948237598027,0.6691722213858509,1.3365217555173778,780.7772354671068,False,False
robot1,1398,1722894899705465467,477084.3076801024,4428569.975597156,1628.5831416834312,0.6290430273979887,1.2474463525199742,781.4062784945048,False,False
robot1,1399,1722894900205283092,477084.2911671045,4428570.611279634,1628.5788223966306,0.6358969188853174,1.2722573256803427,782.0421754133902,False,False
robot1,1400,1722894900698933244,477084.2898690559,4428571.280099983,1628.5610438705337,0.6688216091267469,1.354849267476778,782.710997022517,False,False
robot1,1401,1722894901201750882,477084.2917695882,4428572.022622525,1628.5295636346812,0.7425249736944408,1.4767288979906712,783.4535219962114,False,False
robot1,1402,1722894901700804003,477084.2963109549,4428572.65381543,1628.5176074526198,0.631209242014052,1.2648134340109654,784.0847312382255,False,False
robot1,1403,1722894902195692493,477084.2969362851,4428573.220450776,1628.509588160037,0.5666356910924992,1.1449763747165596,784.651366929318,False,False
robot1,1404,1722894902701107520,477084.3019413868,4428573.813144092,1628.5023000426845,0.592714449598748,1.1727283386150371,785.2440813789167,False,False
robot1,1405,1722894903200307118,477084.3119196279,4428574.4782176735,1628.4867697610343,0.6651484296703586,1.3324297360343795,785.909229808587,False,False
robot1,1406,1722894903697188149,477084.32218026055,4428575.222799,1628.47344428194,0.7446520213260834,1.4986526132308786,786.6538818299131,False,False
robot1,1407,1722894904195389322,477084.3398557354,4428575.91627686,1628.4739026619409,0.6937030808166142,1.3924150398933428,787.3475849107297,False,False
robot1,1408,1722894904699309083,477084.39800297655,4428576.5484565,1628.4516692747577,0.634848170176655,1.2598203530126082,787.9824330809063,False,False
robot1,1409,1722894905202440731,477084.48882989166,4428577.086160081,1628.4427517915542,0.5453207035267055,1.0838529584292917,788.527753784433,False,False
robot1,1410,1722894905697117609,477084.6346775126,4428577.659248339,1628.424994192338,0.5913557977167851,1.195438069402785,789.1191095821498,False,False
robot1,1411,1722894906201637739,477084.8127792618,4428578.234633588,1628.4116353256231,0.6023191995064922,1.193846174238049,789.7214287816563,False,False
robot1,1412,1722894906705527582,477085.04421186686,4428578.724437738,1628.4019791609362,0.5417279350925965,1.0750920856917179,790.2631567167489,False,False
robot1,1413,1722894907195369059,477085.3065048516,4428579.199298574,1628.3881447758542,0.5424854129362661,1.1074714084586323,790.8056421296851,False,False
robot1,1414,1722894907698429155,477085.5357208965,4428579.639421165,1628.3570765193454,0.4962337056601604,0.986430256008797,791.3018758353453,False,False
robot1,1415,1722894908199150662,477085.7357323679,4428580.040088614,1628.354256780202,0.44781580337126714,0.8943411536276065,791.7496916387165,False,False
robot1,1416,1722894908697388967,477085.9475492512,4428580.422804356,1628.3408135412742,0.43742168509425194,0.877936227955674,792.1871133238108,False,False
robot1,1417,1722894909197553800,477086.1615081359,4428580.821919704,1628.3368711712922,0.45284817051756887,0.9053980173895383,792.6399614943283,False,False
robot1,1418,1722894909701861701,477086.420996496,4428581.317331265,1628.3132205865638,0.5592555977931887,1.108956983598095,793.1992170921214,False,False
robot1,1419,1722894910201444081,477086.6776254292,4428581.850338477,1628.3020990934797,0.5915700274484328,1.184128733548887,793.7907871195699,False,False
robot1,1420,1722894910700828598,477086.891779977,4428582.4027787065,1628.3062734099358,0.5924967323660618,1.186453653063039,794.383283851936,False,False
robot1,1421,1722894911198888414,477087.0881287072,4428582.9109071465,1628.2954157576028,0.5447452022636496,1.093734642676035,794.9280290541997,False,False
robot1,1422,1722894911701975282,477087.3285798847,4428583.471690558,1628.2652594237602,0.6101596538999869,1.212831756704937,795.5381887080997,False,False
robot1,1423,1722894912204126233,477087.57098119287,4428584.013983625,1628.2486053065118,0.5940035057182762,1.1829186301638985,796.132192213818,False,False
robot1,1424,1722894912697191037,477087.813786463,4428584.536799956,1628.2217286659356,0.5764471487432286,1.169110134774513,796.7086393625613,False,False
robot1,1425,1722894913200952904,477088.073633448,4428585.102054626,1628.2036724266225,0.6221200022139634,1.234948821667559,797.3307593647752,False,False
robot1,1426,1722894913699756950,477088.3586598605,4428585.700994523,1628.177372004277,0.6633016332256231,1.329783228079597,797.9940609980008,False,False
robot1,1427,1722894914196898857,477088.6638899695,4428586.354731881,1628.1703288026015,0.7214831615909942,1.4512629039522347,798.7155441595918,False,False
robot1,1428,1722894914695593829,477088.9746109757,4428587.074607388,1628.1405372972476,0.7840716098326305,1.5722463577859898,799.4996157694244,False,False
robot1,1429,1722894915200333748,477089.2578333314,4428587.699248564,1628.123737012324,0.6858509327230699,1.3588202500972364,800.1854667021474,False,False
robot1,1430,1722894915699058782,477089.5223276019,4428588.279771867,1628.107412377146,0.6379377118441838,1.2791373840660538,800.8234044139916,False,False
robot1,1431,1722894916197292019,477089.848799593,4428588.966076344,1628.0956759981952,0.7599985501103506,1.525386846185818,801.583402964102,False,False
robot1,1432,1722894916696432461,477090.178593478,4428589.666017955,1628.0647017782514,0.7737456075983593,1.5501566705160665,802.3571485717003,False,False
robot1,1433,1722894917198239894,477090.52854925446,4428590.296974674,1628.0631442280794,0.7215091311671005,1.4378199976294839,803.0786577028674,False,False
robot1,1434,1722894917697173201,477090.84525491897,4428590.842020307,1628.0659676650032,0.6303786321236682,1.2634526755816375,803.7090363349911,False,False
robot1,1435,1722894918205423637,477091.1802885959,4428591.368204314,1628.0631347167275,0.6237925732621283,1.2273335621917507,804.3328289082532,False,False
robot1,1436,1722894918699657435,477091.5365542308,4428591.928385637,1628.0615569639538,0.6638737204341308,1.3432380742731345,804.9967026286873,False,False
robot1,1437,1722894919199581816,477091.9344410369,4428592.445243457,1628.0596800773433,0.6522698192873375,1.3047374814201587,805.6489724479746,False,False
robot1,1438,1722894919698523088,477092.280017307,4428592.896282725,1628.0572532855813,0.5682071624774889,1.1388253970961995,806.2171796104521,False,False
robot1,1439,1722894920197145122,477092.6913970194,4428593.40947974,1628.049975074299,0.6577267243869469,1.319089014772632,806.8749063348391,False,False
robot1,1440,1722894920696339130,477093.1208665017,4428593.908552856,1628.0494614173808,0.658420846782543,1.318967486117594,807.5333271816216,False,False
robot1,1441,1722894921197468668,477093.5662561943,4428594.411724754,1628.035588047936,0.6719776311107836,1.3409257697017847,808.2053048127324,False,False
robot1,1442,1722894921696346268,477094.0480934728,4428594.926068155,1628.019991360878,0.7047810280503607,1.412733571400592,808.9100858407827,False,False
robot1,1443,1722894922201314929,477094.4882783681,4428595.371481981,1628.002087242267,0.6262237766730666,1.2401240851688533,809.5363096174558,False,False
robot1,1444,1722894922701892188,477094.957263877,4428595.751974585,1627.991529333071,0.6039222042614343,1.2064516532754759,810.1402318217172,False,False
robot1,1445,1722894923197988458,477095.4989729131,4428596.199558012,1627.9873597861515,0.7026945314305899,1.4164483111400874,810.8429263531477,False,False
robot1,1446,1722894923702226599,477096.0841799005,4428596.6573293125,1627.9882518245713,0.7429816832040956,1.4734731264215826,811.5859080363518,False,False
robot1,1447,1722894924200995750,477096.59633520746,4428597.01725889,1627.9880910108518,0.6259811172400764,1.2550514600760623,812.2118891535919,False,False
robot1,1448,1722894924701614584,477097.07686609216,4428597.33214066,1627.9922375747478,0.5745088860846964,1.1475977434141287,812.7863980396766,False,False
robot1,1449,1722894925202413434,477097.58293144434,4428597.631240563,1627.9847390774555,0.5878459767876005,1.1738168932113087,813.3742440164641,False,False
robot1,1450,1722894925700096025,477098.1308481778,4428597.950682852,1628.0007731737908,0.634236646211608,1.274379861069454,814.0084806626758,False,False
robot1,1451,1722894926202193499,477098.7595485011,4428598.290397312,1627.999022225974,0.7146117898913519,1.4232527309710377,814.7230924525671,False,False
robot1,1452,1722894926704065316,477099.3305791405,4428598.559571797,1627.9988027992035,0.6312930339894964,1.2578770185288481,815.3543854865567,False,False
robot1,1453,1722894927199898264,477099.9131864432,4428598.796289095,1628.0028954079935,0.6288611517542588,1.2682918457198817,815.9832466383109,False,False
robot1,1454,1722894927697773582,477100.5428138147,4428598.976531924,1627.9979322090312,0.6549183951869404,1.3154274221514706,816.6381650334979,False,False
robot1,1455,1722894928200522840,477101.2374104768,4428599.071258556,1628.0000830289882,0.7010261463273305,1.3943853910925956,817.3391911798252,False,False
robot1,1456,1722894928700523303,477101.9273216082,4428599.14464653,1627.9956520094731,0.6938034043919884,1.3876048237993541,818.0329945842172,False,False
robot1,1457,1722894929206336315,477102.54878385447,4428599.169425317,1627.9820774817638,0.6219560369087141,1.2296168352933314,818.654950621126,False,False
robot1,1458,1722894929702092716,477103.2170695897,4428599.165227708,1627.9774907898905,0.6682989180353963,1.3480382970439544,819.3232495391613,False,False
robot1,1459,1722894930206429473,477103.8715032863,4428599.149397789,1627.9787775521324,0.6546251214192433,1.2979925058272959,819.9778746605806,False,False
robot1,1460,1722894930706728390,477104.4751107314,4428599.126173626,1627.9785849594252,0.6040540617358581,1.2073861623322448,820.5819287223164,False,False
robot1,1461,1722894931199424209,477105.131160804,4428599.095433411,1627.9749267352593,0.6567698672981738,1.3330128977894191,821.2386985896146,False,False
robot1,1462,1722894931700561171,477105.6535929388,4428599.077030063,1627.9715562508006,0.522756175176296,1.043140707813161,821.7614547647909,False,False
robot1,1463,1722894932199554538,477106.13614782057,4428599.059035582,1627.973636850071,0.48289027250154665,0.9677287828615038,822.2443450372924,False,False
robot1,1464,1722894932696277573,477106.6104676003,4428599.032190039,1627.9682239121955,0.4750788740816761,0.9564258281989271,822.7194239113741,False,False
robot1,1465,1722894933203626046,477107.082112564,4428599.01177963,1627.9570346303892,0.47208638680428655,0.930497624038823,823.1915102981784,False,False
robot1,1466,1722894933703823227,477107.6783746207,4428598.975619129,1627.9583174909446,0.5973575328381794,1.1942441222783007,823.7888678310165,False,False
robot1,1467,1722894934203435221,477108.19518268586,4428598.957898214,1627.9542194368844,0.5171117935632233,1.0350265752923025,824.3059796245798,False,False
robot1,1468,1722894934701568984,477108.6681259182,4428598.935773452,1627.9548003860864,0.473460458892948,0.9504682596420028,824.7794400834728,False,False
robot1,1469,1722894935200374145,477109.1737761036,4428598.912043151,1627.9527888717669,0.5062067138515235,1.014838313829852,825.2856467973243,False,False
robot1,1470,1722894935700762014,477109.7279812751,4428598.888258473,1627.9524404775586,0.5547153171490462,1.1085711178502504,825.8403621144734,False,False
robot1,1471,1722894936196132180,477110.2770844813,4428598.866211184,1627.9586007327202,0.5495456432334435,1.1093636620280878,826.3899077577067,False,False
robot1,1472,1722894936700365080,477111.0002981231,4428598.826723565,1627.9666784273218,0.7242908557469598,1.4364213035581235,827.1141986134537,False,False
robot1,1473,1722894937198685220,477111.6815925578,4428598.798517286,1627.9638289934414,0.6818780689843271,1.3683535247749345,827.7960766824381,False,False
robot1,1474,1722894937703661894,477112.2575434381,4428598.780255712,1627.9628381025143,0.5762403158521312,1.1411224705172918,828.3723169982902,False,False
robot1,1475,1722894938204165086,477112.9853511622,4428598.762835128,1627.96467710475,0.7280161811207785,1.454568189188113,829.100333179411,False,False
robot1,1476,1722894938697825212,477113.7767379708,4428598.746688546,1627.9555790317818,0.7915515099995858,1.6034346575792553,829.8918846894106,False,False
robot1,1477,1722894939203177051,477114.5025383953,4428598.725162922,1627.9525823534748,0.7261195553151001,1.436859592468361,830.6180042447257,False,False
robot1,1478,1722894939698066143,477115.1260655482,4428598.701224846,1627.9729447092682,0.6239864918010752,1.2608608492236977,831.2419907365268,False,False
robot1,1479,1722894940198625992,477115.91072188027,4428598.690921906,1627.935282031823,0.784723970569289,1.5676927309619677,832.0267147070961,False,False
robot1,1480,1722894940705104641,477116.5811822209,4428598.727891939,1627.948618267321,0.6714788542056157,1.3257794565850474,832.6981935613017,False,False
robot1,1481,1722894941200446931,477117.34982269,4428598.729064889,1627.944052918318,0.7686413640840406,1.5517371815609653,833.4668349253857,False,False
robot1,1482,1722894941698651694,477118.0932580127,4428598.712971085,1627.931087075571,0.7436095007481648,1.4925789429882408,834.2104444261339,False,False
robot1,1483,1722894942199677965,477118.7885348084,4428598.680962136,1627.939594980754,0.6960132149417506,1.3891747542219728,834.9064576410757,False,False
robot1,1484,1722894942698604476,477119.4580029992,4428598.670247986,1627.928357019954,0.6695539198004108,1.3419887148039769,835.576011560876,False,False
robot1,1485,1722894943206620875,477120.1789097018,4428598.647946339,1627.9286330825785,0.7212515770146195,1.4197408804208453,836.2972631378907,False,False
robot1,1486,1722894943698577440,477120.8921355877,4428598.615906456,1627.918137540544,0.7139451788631452,1.4512364790826884,837.0112083167538,False,False
robot1,1487,1722894944197535092,477121.5870586803,4428598.582616464,1627.9181080613146,0.6957200070188105,1.3943468536200772,837.7069283237727,False,False
robot1,1488,1722894944698900817,477122.3336819536,4428598.565291936,1627.9122802011466,0.7468242440657069,1.4895799637553122,838.4537525678384,False,False
robot1,1489,1722894945199418787,477123.1253473938,4428598.550033044,1627.909310700793,0.7918124796725244,1.581985757679439,839.2455650475109,False,False
robot1,1490,1722894945703543679,477123.936382928,4428598.540082317,1627.897537261535,0.8110965754427468,1.608919947979839,840.0566616229537,False,False
robot1,1491,1722894946201619819,477124.7411247631,4428598.539614946,1627.8954928109672,0.8047419708231778,1.6157012827603405,840.8614035937769,False,False
robot1,1492,1722894946698452015,477125.5441747473,4428598.561733971,1627.889978178532,0.8033545471602802,1.6169529089550634,841.6647581409372,False,False
robot1,1493,1722894947197270758,477126.27499410167,4428598.570761244,1627.889697473249,0.7308751058504255,1.4652114092303228,842.3956332467876,False,False
robot1,1494,1722894947699051093,477126.9800210064,4428598.572004191,1627.883790814093,0.7050280004043569,1.4050539158213013,843.100661247192,False,False
robot1,1495,1722894948200655004,477127.6559962802,4428598.589519075,1627.8783998707463,0.6762021457578337,1.3480787956926579,843.7768633929498,False,False
robot1,1496,1722894948698555599,477128.2790060648,4428598.60929148,1627.8719167049867,0.6233234631514036,1.2519037050324922,844.4001868561013,False,False
robot1,1497,1722894949198385253,477128.87382372207,4428598.624987037,1627.866118658498,0.5950247019188323,1.190455275954854,844.9952115580202,False,False
robot1,1498,1722894949700915765,477129.4417073327,4428598.648569442,1627.854666756111,0.5683730509473994,1.1310218312093854,845.5635846089675,False,False
robot1,1499,1722894950196806549,477130.05393846775,4428598.66604466,1627.8535440181784,0.6124804862095985,1.2351114747515712,846.1760650951771,False,False
robot1,1500,1722894950699512824,477130.7502901835,4428598.677262173,1627.8421055975457,0.6964420612354427,1.3853862710151863,846.8725071564126,False,False
robot1,1501,1722894951197627711,477131.52368910814,4428598.692989876,1627.839003659656,0.7735588259651489,1.5529729055141583,847.6460659823776,False,False
robot1,1502,1722894951698891821,477132.2853806192,4428598.705394714,1627.8339029849449,0.7617925164234366,1.5197421104398838,848.407858498801,False,False
robot1,1503,1722894952196846889,477132.9375532109,4428598.710734119,1627.8278101724788,0.6521944484165618,1.3097455364405775,849.0600529472176,False,False
robot1,1504,1722894952701414621,477133.6049246074,4428598.711763412,1627.8199571001198,0.6673721902428271,1.322661541562555,849.7274251374605,False,False
robot1,1505,1722894953198783121,477134.2477356187,4428598.711498723,1627.8178884051715,0.6428110657851555,1.292423967263042,850.3702362032457,False,False
robot1,1506,1722894953699886764,477134.9368488584,4428598.707664628,1627.8181483712715,0.6891239057090025,1.375212333830638,851.0593601089547,False,False
robot1,1507,1722894954198196494,477135.6083622571,4428598.701999266,1627.8163358012268,0.6715372967760433,1.3476306301042484,851.7308974057307,False,False
robot1,1508,1722894954701770876,477136.2161160416,4428598.69969617,1627.8148746735276,0.6077581483105805,1.20688856086122,852.3386555540413,False,False
robot1,1509,1722894955202037721,477136.81834547385,4428598.691643257,1627.8069392262976,0.6022832709754564,1.203923577393894,852.9409388250168,False,False
robot1,1510,1722894955703457841,477137.39897897816,4428598.682604991,1627.8040417618588,0.5807038458483769,1.1581185861388148,853.5216426708652,False,False
robot1,1511,1722894956205829709,477137.9364166655,4428598.670644335,1627.7949732939276,0.5375707628293079,1.0700655881628862,854.0592134336945,False,False
robot1,1512,1722894956699911786,477138.54548811103,4428598.6549181705,1627.7867980593728,0.6092744357257583,1.2331444330112922,854.6684878694202,False,False
robot1,1513,1722894957214119939,477139.2516083934,4428598.630602186,1627.7806172179526,0.7065388313981144,1.3740322906306244,855.3750267008184,False,False
robot1,1514,1722894957699688708,477139.8123973775,4428598.615467183,1627.784995781181,0.5609931844550344,1.1553321147470537,855.9360198852734,False,False
robot1,1515,1722894958201538674,477140.4647326382,4428598.59386538,1627.780763875823,0.6526928299561467,1.3005738235281141,856.5887127152295,False,False
robot1,1516,1722894958703262499,477141.101888304,4428598.569540607,1627.7724981338663,0.6376198216925866,1.2708577139258883,857.2263325369221,False,False
robot1,1517,1722894959205030599,477141.7657560628,4428598.548408976,1627.7663249508148,0.6642039950411591,1.3237269944316905,857.8905365319632,False,False
robot1,1518,1722894959701525763,477142.41244013386,4428598.530192144,1627.7662791541727,0.6469406005983259,1.3030153164957834,858.5374771325615,False,False
robot1,1519,1722894960202929469,477143.1291740033,4428598.519878769,1627.7524950430343,0.7168080672871655,1.4296023584215363,859.2542851998487,False,False
robot1,1520,1722894960704418785,477143.7869653334,4428598.532442919,1627.7466082443589,0.6579113099610909,1.3119146861888988,859.9121965098097,False,False
robot1,1521,1722894961205287750,477144.3991453146,4428598.548253937,1627.733034773017,0.6123841259026293,1.222643792548111,860.5245806357124,False,False
robot1,1522,1722894961703487513,477145.01260067575,4428598.566450548,1627.7250596401325,0.6137251802031982,1.2318858855001482,861.1383058159156,False,False
robot1,1523,1722894962208612111,477145.6319349656,4428598.577980186,1627.7189024237227,0.6194415994588565,1.2263139533752812,861.7577474153744,False,False
robot1,1524,1722894962699108941,477146.2574343749,4428598.5891620815,1627.6984248961164,0.6255993492580155,1.2754406535340106,862.3833467646324,False,False
robot1,1525,1722894963202718010,477146.9808227512,4428598.594376324,1627.6747154773957,0.7234071683936217,1.4364455543613999,863.106753933026,False,False
robot1,1526,1722894963698198943,477147.7288484254,4428598.598486837,1627.6604758994067,0.748036968056408,1.5097187309711895,863.8547909010824,False,False
robot1,1527,1722894964197685090,477148.4677732251,4428598.602406222,1627.6471309935316,0.7389351941968192,1.4793912927568813,864.5937260952793,False,False
robot1,1528,1722894964706884531,477149.1441525453,4428598.592896683,1627.6202928386217,0.6764461664807122,1.328449866910041,865.27017226176,False,False
robot1,1529,1722894965203594095,477149.9318113145,4428598.58335776,1627.6033555216477,0.7877165275100542,1.5858701524955146,866.05788878927,False,False
robot1,1530,1722894965698954909,477150.74027617945,4428598.568284257,1627.5888137033978,0.8086053724545974,1.6323554458704514,866.8664941617246,False,False
robot1,1531,1722894966198468586,477151.49204732047,4428598.546184904,1627.5842231287606,0.7520958914177054,1.5056564067967952,867.6185900531424,False,False
robot1,1532,1722894966699603649,477152.31383247295,4428598.516173841,1627.5504544883613,0.8223329621956131,1.6409406253583803,868.440923015338,False,False
robot1,1533,1722894967198904126,477153.0884919111,4428598.481892523,1627.530555688974,0.7754175996989381,1.5530086615129448,869.2163406150369,False,False
robot1,1534,1722894967702106721,477153.9076641645,4428598.445060397,1627.51550227431,0.8199998696642781,1.6295618197477761,870.0363404847011,False,False
robot1,1535,1722894968197423323,477154.71107280254,4428598.397480281,1627.4974065831625,0.8048163188483315,1.6248518323679138,870.8411568035494,False,False
robot1,1536,1722894968700560186,477155.4510893123,4428598.354642757,1627.478635540505,0.7412553461495195,1.4732684818407142,871.5824121496989,False,False
robot1,1537,1722894969197124110,477156.2600342255,4428598.301715257,1627.455271657774,0.8106745295305796,1.6325683579843036,872.3930866792296,False,False
robot1,1538,1722894969701610236,477157.02826744097,4428598.271904075,1627.437619837077,0.7688114072806586,1.523948961824533,873.1618980865102,False,False
robot1,1539,1722894970198598302,477157.710219242,4428598.291456389,1627.4202399757876,0.6822320367565493,1.3727332591816825,873.8441301232667,False,False
robot1,1540,1722894970699835533,477158.4154980441,4428598.298938966,1627.406641576332,0.7053184937495348,1.4071552519822659,874.5494486170163,False,False
robot1,1541,1722894971198487921,477159.1307030044,4428598.300503323,1627.3849551652943,0.7152066711614187,1.4342795295044477,875.2646552881778,False,False
robot1,1542,1722894971697682697,477159.82816255273,4428598.299400688,1627.3611198624014,0.6974604198979067,1.3971706745087078,875.9621157080757,False,False
robot1,1543,1722894972198354449,477160.5620713197,4428598.296310034,1627.349119255129,0.7339152746880002,1.46586083243331,876.6960309827637,False,False
robot1,1544,1722894972701361922,477161.2432359628,4428598.299774907,1627.3345957130352,0.6811734553961534,1.35420162646564,877.3772044381598,False,False
robot1,1545,1722894973198393983,477161.89141026296,4428598.305780434,1627.3095805012033,0.6482021210504713,1.3041458419403031,878.0254065592102,False,False
robot1,1546,1722894973703278083,477162.5884177481,4428598.3158363,1627.292346595346,0.6970800203607648,1.3806729562461748,878.722486579571,False,False
robot1,1547,1722894974200673724,477163.32347423024,4428598.337081756,1627.2746867765245,0.7353634484716044,1.4784272739849,879.4578500280426,False,False
robot1,1548,1722894974697793636,477164.0500836754,4428598.365983271,1627.262456480568,0.7271840092895808,1.4627946956719104,880.1850340373321,False,False
robot1,1549,1722894975196943648,477164.6490884653,4428598.391460877,1627.23744842001,0.5995463674471938,1.2011345729454925,880.7845804047793,False,False
robot1,1550,1722894975696242049,477165.3933533458,4428598.443673431,1627.213351966338,0.7460940712293807,1.494284406689719,881.5306744760087,False,False
robot1,1551,1722894976197592573,477166.1464343857,4428598.496429532,1627.191082965554,0.754926657894902,1.505786479138079,882.2856011339036,False,False
robot1,1552,1722894976699085446,477166.8740469204,4428598.537979723,1627.16899664955,0.7287979274482403,1.4532564974312543,883.0143990613518,False,False
robot1,1553,1722894977199329826,477167.6063937313,4428598.583296646,1627.150120161368,0.7337475553747307,1.4667782110367498,883.7481466167266,False,False
robot1,1554,1722894977696950970,477168.37435611006,4428598.624438896,1627.1249967821168,0.7690636513666843,1.545479774902387,884.5172102680932,False,False
robot1,1555,1722894978199295694,477169.0855991895,4428598.660385476,1627.10652337545,0.7121508791843008,1.4176540713446741,885.2293611472775,False,False
robot1,1556,1722894978703026102,477169.7689291604,4428598.698839659,1627.0888901730364,0.6844111141942093,1.3586849832422434,885.9137722614716,False,False
robot1,1557,1722894979201158097,477170.4658713594,4428598.741730271,1627.0653077732054,0.6982607202026005,1.401759107664254,886.6120329816742,False,False
robot1,1558,1722894979698466205,477171.1889083864,4428598.767317116,1627.0431396299984,0.723489619181966,1.4548112021281354,887.3355226008562,False,False
robot1,1559,1722894980200291017,477171.8859018171,4428598.80260557,1627.025245383214,0.6978861780153611,1.3906967140888715,888.0334087788715,False,False
robot1,1560,1722894980699677406,477172.5680374464,4428598.83447399,1627.0059193118548,0.6828796474631915,1.3674376589811665,888.7162884263347,False,False
robot1,1561,1722894981201881025,477173.31327884505,4428598.860137784,1626.9990151620036,0.7456831582907617,1.4848221029538975,889.4619715846254,False,False
robot1,1562,1722894981702642331,477173.9819730381,4428598.886598256,1626.98047683039,0.6692175135535627,1.3364003027920472,890.131189098179,False,False
robot1,1563,1722894982199082568,477174.6270843721,4428598.8728908105,1626.958795912517,0.6452569467364151,1.299767792527466,890.7764460449154,False,False
robot1,1564,1722894982696387204,477175.2852827054,4428598.8602645965,1626.9454327868846,0.6583194264342814,1.3237748519287427,891.4347654713497,False,False
robot1,1565,1722894983203835368,477175.83722226985,4428598.868864743,1626.9377640978782,0.5520065627716015,1.0878086998349832,891.9867720341213,False,False
robot1,1566,1722894983700391605,477176.4377744446,4428598.892094838,1626.9081788638753,0.6010012910992617,1.2103387125140912,892.5877733252205,False,False
robot1,1567,1722894984200189768,477177.189211413,4428598.921677711,1626.8846536050198,0.7520190581631913,1.5046465320536075,893.3397923833837,False,False
robot1,1568,1722894984699527856,477177.8974252206,4428598.940602071,1626.8577765739915,0.7084666037706449,1.4188106105355582,894.0482589871543,False,False
robot1,1569,1722894985199125841,477178.5451488244,4428598.960474478,1626.8414180685547,0.6480283786388791,1.2971001761606924,894.6962873657932,False,False
robot1,1570,1722894985701237999,477179.0843317361,4428598.978347359,1626.8212553187295,0.5394790562512416,1.0744194420403348,895.2357664220444,False,False
robot1,1571,1722894986199106158,477179.5998429664,4428598.997066622,1626.827760880009,0.5158509856398855,1.0361198598193258,895.7516174076843,False,False
robot1,1572,1722894986702768279,477180.1783544592,4428599.00303666,1626.8131862853288,0.5785422963024541,1.1486709277294713,896.3301597039867,False,False
robot1,1573,1722894987210641999,477180.81975257344,4428599.013053834,1626.7901672944674,0.6414763321965053,1.263063120623428,896.9716360361832,False,False
robot1,1574,1722894987698672277,477181.4195756025,4428599.025152881,1626.7751999597017,0.5999450417538126,1.2293189120623402,897.571581077937,False,False
robot1,1575,1722894988203169394,477181.9262544875,4428599.028670336,1626.752673658434,0.5066910942205218,1.0043489708733078,898.0782721721575,False,False
robot1,1576,1722894988704347053,477182.4659992218,4428599.036958755,1626.7347668451632,0.5398083697853568,1.0770795971937486,898.6180805419428,False,False
robot1,1577,1722894989203428904,477183.1644575371,4428599.043026468,1626.7054650837945,0.698484670844412,1.3995399841692069,899.3165652127873,False,False
robot1,1578,1722894989699553843,477183.8588387039,4428599.047161261,1626.6875033920176,0.6943934772744834,1.3996341673989343,900.0109586900618,False,False
robot1,1579,1722894990200753714,477184.5288910111,4428599.043636342,1626.667470854511,0.6700615788327823,1.3369146675219612,900.6810202688946,False,False
robot1,1580,1722894990699893938,477185.1450144725,4428599.042044807,1626.6522695902704,0.6161255169735054,1.2343735080786578,901.2971457858681,False,False
robot1,1581,1722894991199067171,477185.83688605065,4428599.027984344,1626.6337046526442,0.6920144343055231,1.3863213884547012,901.9891602201736,False,False
robot1,1582,1722894991698847198,477186.5044843504,4428599.013715386,1626.6176383792238,0.6677507716048618,1.3360889465112886,902.6569109917785,False,False
robot1,1583,1722894992200821885,477187.0791092374,4428598.995946175,1626.6099894485455,0.5748995613580817,1.1452762374894903,903.2318105531366,False,False
robot1,1584,1722894992699202085,477187.6050474963,4428598.980520956,1626.5933821751405,0.5261644130656086,1.0557490642171026,903.7579749662023,False,False
robot1,1585,1722894993202205300,477188.12992214994,4428598.969575252,1626.580948364549,0.524988771721453,1.0437087771555547,904.2829637379238,False,False
robot1,1586,1722894993704656140,477188.746899284,4428598.942081409,1626.5593034105295,0.6175894230182156,1.2291536748625786,904.900553160942,False,False
robot1,1587,1722894994201893466,477189.44580562017,4428598.917106075,1626.5378785052344,0.6993524390414632,1.4064764890846626,905.5999055999835,False,False
robot1,1588,1722894994698312128,477190.0955629925,4428598.888828959,1626.526066018102,0.6503723842407116,1.3101280287274553,906.2502779842242,False,False
robot1,1589,1722894995198883927,477190.7239183388,4428598.848339587,1626.516318104501,0.6296585030167111,1.2578792768527924,906.8799364872409,False,False
robot1,1590,1722894995701161051,477191.4516112912,4428598.824036393,1626.5065151590184,0.7280986734453063,1.4495954951534897,907.6080351606862,False,False
robot1,1591,1722894996199104934,477192.16487703513,4428598.803568306,1626.484873703139,0.7135593626564708,1.4330109321093871,908.3215945233427,False,False
robot1,1592,1722894996699033977,477192.7438928617,4428598.785765325,1626.4672828369503,0.5792894557806848,1.1587441187049112,908.9008839791234,False,False
robot1,1593,1722894997197135242,477193.4572246838,4428598.757285675,1626.4416964300617,0.7139001182436582,1.4332416494190803,909.6147840973671,False,False
robot1,1594,1722894997702334999,477194.15725293127,4428598.740836768,1626.4234417125012,0.7002214748309241,1.3860298131013538,910.315005572198,False,False
robot1,1595,1722894998202370376,477194.7668251833,4428598.716308262,1626.4119066843678,0.6100655522620732,1.2200444219094075,910.92507112446,False,False
robot1,1596,1722894998697576319,477195.3460678599,4428598.7106734775,1626.4037982449534,0.579270083129018,1.169756070043953,911.504341207589,False,False
robot1,1597,1722894999200384910,477195.9413700427,4428598.700464152,1626.3928281142544,0.5953897203901612,1.1841274643582014,912.0997309279792,False,False
robot1,1598,1722894999705036845,477196.53599344206,4428598.687468584,1626.3890511739237,0.5947653922968978,1.178565914353134,912.6944963202761,False,False
robot1,1599,1722895000198386284,477197.2645103231,4428598.693327479,1626.3691923015035,0.728540439954346,1.4767233270020463,913.4230367602305,False,False
robot1,1600,1722895000701121404,477197.9840894021,4428598.699666641,1626.3574389825867,0.7196070009672404,1.431383936910943,914.1426437611977,False,False
robot1,1601,1722895001202674908,477198.7224942676,4428598.720232835,1626.33412521501,0.7386912168277966,1.4728063199638415,914.8813349780255,False,False
robot1,1602,1722895001707119736,477199.420731062,4428598.74833745,1626.3124624600923,0.6988021826243282,1.3852895908109957,915.5801371606499,False,False
robot1,1603,1722895002199026014,477200.16921135824,4428598.776778713,1626.2756242267203,0.7490204665096742,1.5226897285791385,916.3291576271596,False,False
robot1,1604,1722895002699773075,477200.9692879545,4428598.831993398,1626.2664270777573,0.8019795641862031,1.6015657362780347,917.1311371913458,False,False
robot1,1605,1722895003204048522,477201.7173652365,4428598.856674536,1626.246350583479,0.7484843207353884,1.4842764146111018,917.8796215120813,False,False
robot1,1606,1722895003697353880,477202.4276468188,4428598.892204596,1626.2418156761987,0.7111696782856611,1.4416416561002254,918.5907911903669,False,False
robot1,1607,1722895004202464074,477203.15773164615,4428598.925952944,1626.2442949519216,0.7308644239034129,1.4469410368881968,919.3216556142703,False,False
robot1,1608,1722895004701089250,477203.9234950465,4428598.978237172,1626.2222947475875,0.7675462369058434,1.5393247595800712,920.0892018511761,False,False
robot1,1609,1722895005196200520,477204.55639785226,4428599.009597216,1626.225152790531,0.6336792673719387,1.2798731636760392,920.722881118548,False,False
robot1,1610,1722895005703972578,477205.2317462323,4428599.044018864,1626.2229073497751,0.6762250248913068,1.3317487944842883,921.3991061434393,False,False
robot1,1611,1722895006202811390,477205.8779650286,4428599.07379659,1626.2100074926664,0.6469045104308212,1.2968204934698262,922.0460106538701,False,False
robot1,1612,1722895006701204087,477206.5562439389,4428599.095580417,1626.2097893129874,0.6786286284357302,1.3616346892535423,922.7246392823058,False,False
robot1,1613,1722895007202661825,477207.3271898768,4428599.127092737,1626.1935202694283,0.7715897002122929,1.5386927888657127,923.4962289825181,False,False
robot1,1614,1722895007702548043,477208.0453832927,4428599.153853313,1626.1980896848036,0.7186918053574628,1.437711305609755,924.2149207878756,False,False
robot1,1615,1722895008205512964,477208.6692249718,4428599.200930419,1626.1799047037794,0.6256154525643106,1.2438549115525392,924.8405362404399,False,False
robot1,1616,1722895008702085537,477209.23636580165,4428599.295624102,1626.1819519661915,0.5749918384996857,1.1579206838689815,925.4155280789396,False,False
robot1,1617,1722895009208901496,477209.9145503076,4428599.424543221,1626.1831096741591,0.690329170303002,1.3620912070195648,926.1058572492426,False,False
robot1,1618,1722895009704470192,477210.6678170508,4428599.541834693,1626.1607928272313,0.7623438043491673,1.5383209712642898,926.8682010535917,False,False
robot1,1619,1722895010203483589,477211.3608152167,4428599.646390799,1626.1546944795705,0.7008412354136,1.4044536716238898,927.5690422890053,False,False
robot1,1620,1722895010702893558,477212.0564302637,4428599.70773645,1626.157723503854,0.6983148161218106,1.398279842915626,928.2673571051272,False,False
robot1,1621,1722895011201214246,477212.8219900708,4428599.758161164,1626.1786375758843,0.7672186585562223,1.5396078809559681,929.0345757636834,False,False
robot1,1622,1722895011701885804,477213.6085371815,4428599.798506698,1626.1525780591012,0.7875811827711677,1.5730501156312096,929.8221569464546,False,False
robot1,1623,1722895012201791161,477214.3053962147,4428599.810987666,1626.142311739138,0.6969707933081695,1.3942048508532363,930.5191277397628,False,False
robot1,1624,1722895012704433132,477215.0012608263,4428599.812834537,1626.117378559809,0.6958670624497324,1.3844190862685304,931.2149948022125,False,False
robot1,1625,1722895013198268841,477215.7411976651,4428599.798999352,1626.088007719021,0.7400661711879091,1.4986081194913776,931.9550609734004,False,False
robot1,1626,1722895013698807948,477216.4516378567,4428599.75753666,1626.0528188920375,0.7116490853823572,1.421765324600525,932.6667100587827,False,False
robot1,1627,1722895014203218519,477217.12031356985,4428599.708943241,1626.0377433508988,0.670439057380389,1.3291536364583738,933.337149116163,False,False
robot1,1628,1722895014704684907,477217.861237955,4428599.655956177,1626.011008396887,0.7428166486263116,1.4812893443737196,934.0799657647893,False,False
robot1,1629,1722895015203131192,477218.53914888063,4428599.61236375,1625.996536922242,0.6793110648261947,1.362856621834106,934.7592768296155,False,False
robot1,1630,1722895015700213441,477219.25090345816,4428599.55650141,1625.9746878982553,0.7139434008903311,1.4362681924184497,935.4732202305058,False,False
robot1,1631,1722895016197083057,477219.95310285577,4428599.505741022,1625.9586274575795,0.7040316832571148,1.4169339326927053,936.1772519137629,False,False
robot1,1632,1722895016697926814,477220.6362804028,4428599.477882571,1625.93374085653,0.6837453137133899,1.3651868381829246,936.8609972274763,False,False
robot1,1633,1722895017199433108,477221.3355594127,4428599.453875174,1625.9152065371777,0.699690995262709,1.3951787951310746,937.560688222739,False,False
robot1,1634,1722895017701717723,477222.0876476624,4428599.428312094,1625.898021501297,0.7525225620074867,1.4981997688926316,938.3132107847465,False,False
robot1,1635,1722895018202893939,477222.86246880726,4428599.390647846,1625.8688007180558,0.7757360389352843,1.547831947272525,939.0889468236818,False,False
robot1,1636,1722895018702676427,477223.6506128888,4428599.35360107,1625.8437300629364,0.7890142944774684,1.5787143803522703,939.8779611181593,False,False
robot1,1637,1722895019205324634,477224.4492139524,4428599.31717659,1625.8279666513265,0.7994312988417029,1.5904392650319292,940.677392417001,False,False
robot1,1638,1722895019696390037,477225.2834672268,4428599.290930923,1625.8022473682406,0.8346660175278969,1.69970403916599,941.5120584345289,False,False
robot1,1639,1722895020202008632,477226.0773925816,4428599.316964274,1625.7871278087437,0.7943520657940676,1.571050756403764,942.306410500323,False,False
robot1,1640,1722895020700055920,477226.8760868218,4428599.320853828,1625.7677099408834,0.7987037109591475,1.6036702293726723,943.1051142112821,False,False
robot1,1641,1722895021197163145,477227.6925539067,4428599.335695272,1625.7501896743413,0.8166019649845819,1.642706970744977,943.9217161762666,False,False
robot1,1642,1722895021699599843,477228.5084719154,4428599.351333865,1625.7416512927225,0.8160678663378711,1.624220458491618,944.7377840426045,False,False
robot1,1643,1722895022197276110,477229.30939194665,4428599.371550747,1625.728816996516,0.8011751486476882,1.6098323663465373,945.5389591912522,False,False
robot1,1644,1722895022698682402,477230.0873812213,4428599.397528587,1625.7241864127984,0.7784228668422605,1.5524795625819454,946.3173820580944,False,False
robot1,1645,1722895023200708669,477230.85184011207,4428599.412138404,1625.709236419485,0.7645984844639018,1.523024699620631,947.0819805425583,False,False
robot1,1646,1722895023697675493,477231.6201956968,4428599.428000367,1625.6967234757265,0.7685192948144286,1.54641966979814,947.8504998373727,False,False
robot1,1647,1722895024209846345,477232.4399677702,4428599.443061062,1625.6871374990146,0.8199104077821195,1.6008535066577485,948.6704102451548,False,False
robot1,1648,1722895024700921209,477233.2344913287,4428599.453523942,1625.674149527033,0.7945924470480863,1.6180680545063115,949.4650026922029,False,False
robot1,1649,1722895025202987221,477233.9558985469,4428599.4665762745,1625.6650051687386,0.7215252856563584,1.4371120351946876,950.1865279778593,False,False
robot1,1650,1722895025700664507,477234.6648502096,4428599.47144858,1625.6644208225391,0.7089684050838077,1.424554360339672,950.8954963829432,False,False
robot1,1651,1722895026204167870,477235.3718048912,4428599.47363921,1625.6513836580111,0.7069580756336352,1.404078272971826,951.6024544585769,False,False
robot1,1652,1722895026699618703,477236.07723860425,4428599.474094137,1625.6459208764716,0.705433859728169,1.4238217249418201,952.307888318305,False,False
robot1,1653,1722895027199392242,477236.85165661655,4428599.465873823,1625.6354042655955,0.7744616396784736,1.5496252523134604,953.0823499579835,False,False
robot1,1654,1722895027706966008,477237.6733484523,4428599.465582251,1625.621337443493,0.8216918874959903,1.6188625257017801,953.9040418454795,False,False
robot1,1655,1722895028197529228,477238.4749115957,4428599.453223182,1625.6171995515751,0.8016584181598452,1.6341586636683971,954.7057002636393,False,False
robot1,1656,1722895028697557453,477239.2605085857,4428599.430453254,1625.5922039068112,0.7859269052264952,1.5717653722692404,955.4916271688658,False,False
robot1,1657,1722895029197841892,477240.02966450027,4428599.398566845,1625.5892242406658,0.7698165781290646,1.5387578081359585,956.2614437469948,False,False
robot1,1658,1722895029699751598,477240.8492504188,4428599.355311251,1625.5763106949562,0.8207265830927901,1.6352075471495409,957.0821703300876,False,False
robot1,1659,1722895030198866869,477241.6043134988,4428599.31289413,1625.5701464190363,0.7562535732312876,1.515188336914335,957.8384239033189,False,False
robot1,1660,1722895030709620560,477242.31697919866,4428599.2931194855,1625.5649185922389,0.7129399948694015,1.3958588853249614,958.5513638981884,False,False
robot1,1661,1722895031202471679,477243.0069129457,4428599.294270533,1625.548829612812,0.6899347072248798,1.3998842388485804,959.2412986054132,False,False
robot1,1662,1722895031699949641,477243.7677843447,4428599.289785438,1625.5350596916808,0.7608846179504287,1.529484660545284,960.0021832233637,False,False
robot1,1663,1722895032196935032,477244.6290684316,4428599.28476716,1625.513437812946,0.8612987063391118,1.7330461716591934,960.8634819297027,False,False
robot1,1664,1722895032701749242,477245.4001021722,4428599.307054597,1625.4993959426422,0.7713557927342964,1.5279988319752476,961.634837722437,False,False
robot1,1665,1722895033216478226,477246.2228587302,4428599.322589668,1625.4872840223732,0.8229032094417262,1.5987122424935096,962.4577409318788,False,False
robot1,1666,1722895033702209859,477246.93702037225,4428599.330112566,1625.4748105154108,0.7142012636476592,1.470361947062656,963.1719421955264,False,False
robot1,1667,1722895034200590578,477247.8120186484,4428599.33089461,1625.452199295958,0.8749986256038512,1.7556825042969781,964.0469408211303,False,False
robot1,1668,1722895034701413187,477248.6321918549,4428599.327985655,1625.4272716998069,0.8201783651693832,1.6376626308760083,964.8671191862996,False,False
robot1,1669,1722895035196263993,477249.37550603226,4428599.327181487,1625.4138957964708,0.7433146123809038,1.5020982108244176,965.6104337986806,False,False
robot1,1670,1722895035700500874,477250.0807019556,4428599.3171796575,1625.3921649673223,0.7052668480010651,1.398681446860363,966.3157006466816,False,False
robot1,1671,1722895036201988406,477250.7782968591,4428599.316508432,1625.388082263,0.6975952264523537,1.391052090975959,967.013295873134,False,False
robot1,1672,1722895036701461542,477251.480624472,4428599.293644483,1625.3703215440592,0.7026996769589817,1.4068819403438209,967.715995550093,False,False
robot1,1673,1722895037201354487,477252.3241034836,4428599.295327727,1625.3488515099189,0.8434806910926492,1.6873226377663708,968.5594762411856,False,False
robot1,1674,1722895037697944891,477253.07222673023,4428599.405849099,1625.3215558399818,0.7562429278616845,1.5228706889268482,969.3157191690473,False,False
robot1,1675,1722895038200468734,477253.80331755313,4428599.470568817,1625.312292329177,0.7339498846762333,1.460527322227461,970.0496690537235,False,False
robot1,1676,1722895038703093149,477254.6591887836,4428599.539987784,1625.297136636743,0.8586818713069669,1.7083963302359861,970.9083509250305,False,False
robot1,1677,1722895039197175849,477255.5175166676,4428599.608671179,1625.2636125759532,0.8610715215433518,1.7427688840858349,971.7694224465739,False,False
robot1,1678,1722895039706466691,477256.34452087694,4428599.674726352,1625.254026098747,0.8296380223602065,1.6290053076263917,972.5990604689341,False,False
robot1,1679,1722895040204833258,477257.1119338517,4428599.72909154,1625.2412705669033,0.769336238221369,1.543716242317773,973.3683967071555,False,False
robot1,1680,1722895040705909083,477258.00461682095,4428599.781073062,1625.211552592198,0.8941951477426789,1.7845508534940453,974.2625918548982,False,False
robot1,1681,1722895041203375590,477259.0403976775,4428599.834918694,1625.1787894603444,1.0371795094826801,2.084923056478205,975.299771364381,False,False
robot1,1682,1722895041697043613,477260.004262306,4428599.888365099,1625.162978702429,0.9653452959296515,1.9554541528174625,976.2651166603106,False,False
robot1,1683,1722895042202540849,477260.8937874997,4428599.847400486,1625.172889978265,0.8904679498634115,1.7615684510271894,977.155584610174,False,False
robot1,1684,1722895042697223057,477261.8853741493,4428599.830448027,1625.1306163221332,0.9917315511541274,2.0047847417892593,978.147316161328,False,False
robot1,1685,1722895043201465583,477262.8697234634,4428599.8236769615,1625.1257378733856,0.9843726019276566,1.952181257467367,979.1316887632557,False,False
robot1,1686,1722895043695212285,477263.8330042564,4428599.815123561,1625.115093481864,0.9633187670313917,1.9510381635612097,980.0950075302871,False,False
robot1,1687,1722895044234746972,477264.8503617873,4428599.821512773,1625.1009722657916,1.0173775934633182,1.8856578471910257,981.1123851237504,False,False
robot1,1688,1722895044701316501,477265.68702454,4428599.843062619,1625.0902306640892,0.8369402353635106,1.7938162365873747,981.9493253591139,False,False
robot1,1689,1722895045201265367,477266.643030421,4428599.855414582,1625.0813426384143,0.9560856737472972,1.912367403379779,982.9054110328613,False,False
robot1,1690,1722895045701392843,477267.56715223263,4428599.853133448,1625.0594375468695,0.9241246270472088,1.8477778713996016,983.8295356599085,False,False
robot1,1691,1722895046199691932,477268.48595391656,4428599.857841485,1625.0446573145828,0.9188137460919931,1.843899990568804,984.7483494060006,False,False
robot1,1692,1722895046701182750,477269.2783893027,4428599.880139002,1625.040158073458,0.7927490274222614,1.5807854395604937,985.5410984334228,False,False
robot1,1693,1722895047205007606,477270.1849341294,4428599.8912685495,1625.0374564011377,0.9066131422151007,1.7994605934830272,986.4477115756379,False,False
robot1,1694,1722895047699267164,477271.0660065851,4428599.900565712,1625.0078854079843,0.8811215065831587,1.7827099644478703,987.3288330822211,False,False
robot1,1695,1722895048204797202,477271.8552883872,4428599.901578762,1625.0115136118425,0.7892824522642728,1.5612965928038423,988.1181155344854,False,False
robot1,1696,1722895048698648361,477272.61931709945,4428599.894486132,1625.0091342884266,0.7640616326658481,1.5471502853133265,988.8821771671512,False,False
robot1,1697,1722895049200390995,477273.3604267824,4428599.885385741,1624.994493421916,0.7411655545703814,1.4771828274302867,989.6233427217215,False,False
robot1,1698,1722895049698488375,477274.0561010583,4428599.870324673,1624.9851357873124,0.6958372898388115,1.3969903522161347,990.3191800115603,False,False
robot1,1699,1722895050202384614,477274.6586031752,4428599.855045129,1624.9721040929635,0.6026958315102449,1.196070743903698,990.9218758430706,False,False
robot1,1700,1722895050704242506,477275.3355917909,4428599.847364767,1624.9706562311787,0.6770321807359084,1.349051938573826,991.5989080238064,False,False
robot1,1701,1722895051202617030,477275.96464915824,4428599.847145773,1624.9625711830024,0.6290574054518329,1.262217774622845,992.2279654292582,False,False
robot1,1702,1722895051704603943,477276.6120430256,4428599.857459112,1624.9658163583902,0.6474760107409879,1.2898269148224606,992.8754414399992,False,False
robot1,1703,1722895052209607380,477277.25225074735,4428599.85162872,1624.952096289122,0.6402342699694057,1.2677819667414296,993.5156757099686,False,False
robot1,1704,1722895052702659613,477277.8296881005,4428599.849665114,1624.944681286345,0.5774406918090864,1.1711551840960317,994.0931164017777,False,False
robot1,1705,1722895053199236931,477278.4776616385,4428599.840536157,1624.9384657138596,0.6480378413644817,1.3050090888336694,994.7411542431422,False,False
robot1,1706,1722895053703775643,477279.14746455377,4428599.828112335,1624.9318259573076,0.6699181268029848,1.3277832362432025,995.4110723699451,False,False
robot1,1707,1722895054206209135,477279.8911276565,4428599.826588371,1624.926959563143,0.7436646642405133,1.480126146522158,996.1547370341857,False,False
robot1,1708,1722895054697661847,477280.6199525794,4428599.804392446,1624.921462239512,0.7291628263206403,1.4836880163119963,996.8838998605063,False,False
robot1,1709,1722895055200076498,477281.3083683505,4428599.789223892,1624.9115219951552,0.6885828628118765,1.3705467976838888,997.5724827233182,False,False
robot1,1710,1722895055696730793,477281.9968351548,4428599.78006288,1624.910018530713,0.6885277515970454,1.3863320831092674,998.2610104749152,False,False
robot1,1711,1722895056205133036,477282.7107146796,4428599.764010132,1624.902369106164,0.7140599881774384,1.4045181468203012,998.9750704630926,False,False
robot1,1712,1722895056702232317,477283.4160748776,4428599.750369514,1624.8966342228102,0.7054920802964194,1.4192173253708145,999.680562543389,False,False
robot1,1713,1722895057200157037,477284.0169737405,4428599.732398132,1624.902480529192,0.6011675423641077,1.207346620530924,1000.2817300857531,False,False
robot1,1714,1722895057704524302,477284.5087387105,4428599.729450863,1624.891842055153,0.4917738017838438,0.9750309973278671,1000.773503887537,False,False
robot1,1715,1722895058197402638,477285.093067058,4428599.714585023,1624.8872726283814,0.5845174171203595,1.1859261294286858,1001.3580213046573,False,False
robot1,1716,1722895058703501013,477285.7567288585,4428599.702194282,1624.876835205611,0.6637774596266925,1.3115584431473033,1002.021798764284,False,False
robot1,1717,1722895059202792596,477286.2826504678,4428599.691032691,1624.868327924651,0.5260400367388142,1.0535726521507718,1002.5478388010227,False,False
robot1,1718,1722895059699362526,477286.7477113896,4428599.67697492,1624.8677491152607,0.46527334107304047,0.936974567728965,1003.0131121420958,False,False
robot1,1719,1722895060199211296,477287.2168424036,4428599.664648184,1624.8521694801886,0.4692929326978739,0.9388696995620469,1003.4824050747936,False,False
robot1,1720,1722895060703405073,477287.730353688,4428599.660520212,1624.8531986437515,0.5135278759594764,1.018512908074997,1003.9959329507531,False,False
robot1,1721,1722895061204257014,477288.2882000447,4428599.653379085,1624.832135025327,0.5578920624904674,1.1138863531742695,1004.5538250132436,False,False
robot1,1722,1722895061701987067,477288.8715150281,4428599.638419488,1624.8380708142813,0.5835067774949572,1.172335920895124,1005.1373317907385,False,False
robot1,1723,1722895062198960067,477289.3242093615,4428599.622544361,1624.822834312894,0.4529726030866699,0.9114631352337645,1005.5903043938251,False,False
robot1,1724,1722895062700343712,477289.7669178181,4428599.60694061,1624.829537480093,0.4429833570086967,0.8835215126873812,1006.0332877508338,False,False
robot1,1725,1722895063202379008,477290.2215160723,4428599.600677694,1624.83254946786,0.45464139364720185,0.9055967531467308,1006.487929144481,False,False
robot1,1726,1722895063698828878,477290.6457175533,4428599.599269366,1624.8272139204744,0.42420381882861213,0.8544749069055816,1006.9121329633095,False,False
robot1,1727,1722895064201434703,477291.1321686444,4428599.587702054,1624.8010703023792,0.4865886010965116,0.9681314654427593,1007.3987215644061,False,False
robot1,1728,1722895064701464253,477291.59827066114,4428599.574570208,1624.7928002431772,0.4662869667727646,0.9325183511204641,1007.8650085311788,False,False
robot1,1729,1722895065199820183,477292.0410419511,4428599.564975698,1624.788250887038,0.44287523056027855,0.8886726559043,1008.307883761739,False,False
robot1,1730,1722895065695203397,477292.55550596735,4428599.546756794,1624.7798284500448,0.5147865115451544,1.0391686561326485,1008.8226702732842,False,False
robot1,1731,1722895066204082676,477293.07284809626,4428599.531720687,1624.7794799544613,0.5175605885858345,1.0170593760517244,1009.34023086187,False,False
robot1,1732,1722895066697645593,477293.53293666965,4428599.514697215,1624.7670850514842,0.4604034035198042,0.93281599813962,1009.8006342653898,False,False
robot1,1733,1722895067202198287,477294.0049484558,4428599.48885998,1624.7615210211504,0.4727184034039378,0.936906084342116,1010.2733526687938,False,False
robot1,1734,1722895067705854875,477294.4836438576,4428599.464875786,1624.75564146756,0.47929586823452197,0.9516322107805193,1010.7526485370283,False,False
robot1,1735,1722895068198982408,477295.0261448592,4428599.457910237,1624.750364150416,0.5425457175451054,1.1002136863669554,1011.2951942545734,False,False
robot1,1736,1722895068703332404,477295.55949337815,4428599.428817012,1624.7507526319823,0.5341414217027418,1.0590690549402768,1011.8293356762762,False,False
robot1,1737,1722895069198924083,477295.9707671933,4428599.415559757,1624.7487566665902,0.4114874309804437,0.8302953427305637,1012.2408231072566,False,False
robot1,1738,1722895069699145475,477296.4739902244,4428599.395493214,1624.7437683265737,0.5036229593441106,1.0067999247258999,1012.7444460666006,False,False
robot1,1739,1722895070199748878,477297.066231494,4428599.370882343,1624.7363567969385,0.5927524073375143,1.1840763473256264,1013.3371984739382,False,False
robot1,1740,1722895070699220083,477297.5587083836,4428599.3707103785,1624.7384693534566,0.4924769195959462,0.985996653722244,1013.8296753935341,False,False
robot1,1741,1722895071204730833,477297.99784253904,4428599.35503623,1624.7253585488197,0.43941379749288356,0.8692466790642837,1014.269089191027,False,False
robot1,1742,1722895071701106549,477298.4790315848,4428599.355579331,1624.7189307495664,0.48118935225308385,0.9694058094154608,1014.75027854328,False,False
robot1,1743,1722895072198235018,477298.9386037185,4428599.36622217,1624.7173806760056,0.459695351376669,0.9247012869647847,1015.2099738946567,False,False
robot1,1744,1722895072699666539,477299.48295670666,4428599.368710462,1624.70641413756,0.5443586752740089,1.0856093267149354,1015.7543325699307,False,False
robot1,1745,1722895073199249828,477300.08549238887,4428599.368451597,1624.708385448076,0.6025357378140026,1.2060761787130518,1016.3568683077448,False,False
robot1,1746,1722895073706575592,477300.6607021149,4428599.369139835,1624.702128601074,0.575210137793676,1.1338085086591274,1016.9320784455384,False,False
robot1,1747,1722895074202119923,477301.2153207749,4428599.369269812,1624.6943403000146,0.5546186751832621,1.1192113248086961,1017.4866971207217,False,False
robot1,1748,1722895074697877478,477301.8938844718,4428599.359598313,1624.6769576398772,0.6786326168446214,1.368879961681376,1018.1653297375664,False,False
robot1,1749,1722895075200331581,477302.4848476079,4428599.362000948,1624.6705685769275,0.5909680201984063,1.1761633309482604,1018.7562977577647,False,False
robot1,1750,1722895075701271912,477303.1564213345,4428599.3423561845,1624.6698692072312,0.6718609878197371,1.3411996542072684,1019.4281587455845,False,False
robot1,1751,1722895076197803907,477303.8511833655,4428599.335922119,1624.6633022310273,0.6947918227415657,1.399288546179015,1020.122950568326,False,False
robot1,1752,1722895076701194005,477304.4753136942,4428599.316919007,1624.6577225017063,0.6244195588512735,1.2404288272255952,1020.7473701271773,False,False
robot1,1753,1722895077201408834,477305.10725481017,4428599.299909003,1624.659120681143,0.6321700042489864,1.2637970430210965,1021.3795401314263,False,False
robot1,1754,1722895077696847043,477305.7572692612,4428599.271773894,1624.641018792756,0.6506230635799872,1.3132271254814296,1022.0301631950064,False,False
robot1,1755,1722895078204838310,477306.4681236534,4428599.252268831,1624.643521092011,0.7111219406025986,1.3998702755270604,1022.741285135609,False,False
robot1,1756,1722895078700603864,477307.1449119225,4428599.235817267,1624.6373360957862,0.6769881942964079,1.3655413009338795,1023.4182733299054,False,False
robot1,1757,1722895079203613561,477307.7545728812,4428599.223798165,1624.6243840577454,0.609779421889982,1.212262098257321,1024.0280527517955,False,False
robot1,1758,1722895079699870289,477308.1888325967,4428599.220138435,1624.6099445316756,0.4342751364285522,0.8751020042378236,1024.462327888224,False,False
robot1,1759,1722895080201581604,477308.6688344848,4428599.207994069,1624.6102073773127,0.48015549380644246,0.9570353073397884,1024.9424833820306,False,False
robot1,1760,1722895080698422395,477309.21771786734,4428599.22558199,1624.6035582241889,0.5491650959061868,1.1053141960293233,1025.4916484779367,False,False
robot1,1761,1722895081196263279,477309.797939876,4428599.225978978,1624.593497921272,0.5802221444432837,1.1654770955583664,1026.07187062238,False,False
robot1,1762,1722895081697804864,477310.2569000285,4428599.2329642745,1624.5889945701274,0.45901330696432247,0.9152048278031875,1026.5308839293443,False,False
robot1,1763,1722895082199609165,477310.5648676724,4428599.236681603,1624.5833835269457,0.3079900781130575,0.6137652593171109,1026.8388740074574,False,False
robot1,1764,1722895082700422938,477310.53495483566,4428599.230905304,1624.586539512022,0.030465446549493864,0.06083186356645224,1026.8693394540069,True,False
robot1,1765,1722895083200734123,477310.5312500628,4428599.232317216,1624.5866685967387,0.003964698915360267,0.007924466653112848,1026.8733041529222,True,False
robot1,1766,1722895083697822883,477310.5299025017,4428599.232967547,1624.5872836210538,0.001496279355977806,0.003010083967753125,1026.874800432278,True,False
robot1,1767,1722895084197990092,477310.5290333777,4428599.232715138,1624.586084136102,0.00090503409903306,0.00180946336168967,1026.8757054663772,True,False
robot1,1768,1722895084700854507,477310.53111528856,4428599.236944403,1624.5839021183815,0.004713918707334932,0.00937413560139398,1026.8804193850845,True,False
robot1,1769,1722895085197393543,477310.530616896,4428599.233584564,1624.5829882700414,0.003396602588485147,0.006840553905384142,1026.883815987673,True,False
robot1,1770,1722895085696356865,477310.53736743855,4428599.230452877,1624.583191346181,0.007441592051170483,0.014914112463806943,1026.8912575797242,True,False
robot1,1771,1722895086201501422,477310.53577019024,4428599.229087676,1624.583276146148,0.002101184162114296,0.004159569711993807,1026.8933587638862,True,False
robot1,1772,1722895086701326630,477310.53037790005,4428599.233552339,1624.5828757471788,0.0070007146696235804,0.014006324852837558,1026.9003594785559,True,False
robot1,1773,1722895087197400068,477310.53582641727,4428599.233126497,1624.5776592449065,0.00546513320612167,0.011016781540950229,1026.905824611762,True,False
robot1,1774,1722895087699521519,477310.5343133439,4428599.232997435,1624.5771953913893,0.0015185677580120923,0.003024303706797631,1026.90734317952,True,False
robot1,1775,1722895088199061694,477310.5475509526,4428599.2408979,1624.5748831143967,0.015415953946437688,0.030860279044798735,1026.9227591334663,True,False
robot1,1776,1722895088698237863,477310.8515387052,4428599.235056821,1624.578271079146,0.3040438651401312,0.6090914821123568,1027.2268029986064,False,False
robot1,1777,1722895089200154966,477311.3142816109,4428599.234135173,1624.5763355624915,0.4627438235397336,0.9219530902872511,1027.6895468221462,False,False
robot1,1778,1722895089706598355,477311.7130463419,4428599.231426091,1624.5768113634458,0.398773933234234,0.7874006336851622,1028.0883207553804,False,False
robot1,1779,1722895090202529854,477311.9529997243,4428599.241114239,1624.573017901855,0.24014888287323546,0.4842378880272099,1028.3284696382536,False,False
robot1,1780,1722895090699793578,477311.9376539252,4428599.240628872,1624.5766890874831,0.015353472935108334,0.03087591928062456,1028.3438231111888,True,False
robot1,1781,1722895091198962057,477311.9494816159,4428599.240295114,1624.5744627606196,0.011832398817634045,0.023704211366382753,1028.3556555100065,True,False
robot1,1782,1722895091709422959,477312.0932382833,4428599.24387628,1624.5736218752568,0.14380126623031217,0.2817088369996564,1028.499456776237,False,False
robot1,1783,1722895092198338620,477312.3618894086,4428599.262725645,1624.5760974354491,0.2693115773095256,0.5508344021540628,1028.7687683535464,False,False
robot1,1784,1722895092703024486,477312.5089834629,4428599.264661788,1624.5719901820091,0.14710679607198582,0.29148189451084056,1028.9158751496184,False,False
robot1,1785,1722895093196855643,477312.571380884,4428599.265940165,1624.574240015687,0.06241051520890594,0.12638027033685242,1028.9782856648274,False,False
robot1,1786,1722895093698549546,477312.98605952977,4428599.305048439,1624.5668507570012,0.4165187106634035,0.8302246798800508,1029.3948043754908,False,False
robot1,1787,1722895094201430170,477313.57982574863,4428599.371776253,1624.5636493743625,0.5975039111698099,1.188162079917685,1029.9923082866605,False,False
robot1,1788,1722895094696841329,477314.3736796853,4428599.42803169,1624.5527339389914,0.7958446751655657,1.6064334562259048,1030.7881529618262,False,False
robot1,1789,1722895095195411490,477315.3607741389,4428599.506974108,1624.573701529503,0.9902461136225604,1.986171869302639,1031.7783990754488,False,False
robot1,1790,1722895095700602609,477316.32507442735,4428599.571240772,1624.54244174106,0.9664394706555739,1.9130176563722436,1032.7448385461043,False,False
robot1,1791,1722895096199277114,477317.1534233652,4428599.615999053,1624.5321748856572,0.8295572714516897,1.6635241090780606,1033.574395817556,False,False
robot1,1792,1722895096698417277,477317.9973061642,4428599.65523408,1624.5219487384345,0.8447943925680825,1.6924998029303784,1034.419190210124,False,False
robot1,1793,1722895097195419232,477318.920941036,4428599.687729668,1624.5158216715145,0.9242063296274334,1.8595630217457366,1035.3433965397514,False,False
robot1,1794,1722895097697326785,477319.862932504,4428599.702396125,1624.4920121223054,0.9421056366792215,1.8770491091607577,1036.2855021764306,False,False
robot1,1795,1722895098200105214,477320.72537067183,4428599.714972049,1624.4947657498951,0.8625298529579991,1.7155272357478037,1037.1480320293886,False,False
robot1,1796,1722895098696605203,477321.6183575208,4428599.728933609,1624.4853527401224,0.8930959845159793,1.798783397922906,1038.0411280139044,False,False
robot1,1797,1722895099200189820,477322.537876564,4428599.720990309,1624.4745941287647,0.9195533518496319,1.826016412321793,1038.960681365754,False,False
robot1,1798,1722895099699077718,477323.4128864215,4428599.704759724,1624.4468577267482,0.8751603753175907,1.754222085305183,1039.8358417410716,False,False
robot1,1799,1722895100198127589,477324.2383237904,4428599.686212435,1624.449793324669,0.8256457181969938,1.6544351876446188,1040.6614874592685,False,False
robot1,1800,1722895100698820651,477325.0766269809,4428599.650183968,1624.4350522920906,0.839077046292051,1.6758311131120291,1041.5005645055605,False,False
robot1,1801,1722895101197507806,477325.9332179405,4428599.623991586,1624.4366529551098,0.8569913143840282,1.7184944765443995,1042.3575558199445,False,False
robot1,1802,1722895101699918806,477326.59133371606,4428599.607322476,1624.429243049297,0.6583268438083487,1.3103355413905102,1043.0158826637528,False,False
robot1,1803,1722895102200219804,477327.11771732895,4428599.584722852,1624.4165508913788,0.5268685328429267,1.0531028394179505,1043.5427511965956,False,False
robot1,1804,1722895102702116293,477327.774883508,4428599.560861691,1624.4130856167017,0.6575992258926889,1.3102290637899512,1044.2003504224883,False,False
robot1,1805,1722895103200442476,477328.5449846711,4428599.524511193,1624.4101850405305,0.7709585982110304,1.547096680691745,1044.9713090206994,False,False
robot1,1806,1722895103697298910,477329.3680439501,4428599.483321388,1624.3936460520654,0.8240893014515178,1.6586056280304242,1045.795398322151,False,False
robot1,1807,1722895104199875006,477330.0844937437,4428599.532513763,1624.3908400084854,0.7181366140711322,1.428911155656878,1046.5135349362222,False,False
robot1,1808,1722895104697542243,477330.8516916826,4428599.552714212,1624.378256500332,0.767463833379787,1.5421229837398858,1047.2809987696019,False,False
robot1,1809,1722895105197815613,477331.61271384,4428599.563797475,1624.3730185731015,0.761102859506558,1.5213736307550993,1048.0421016291084,False,False
robot1,1810,1722895105702641844,477332.3736628128,4428599.575883892,1624.3449122323889,0.7610449531708745,1.507538220910322,1048.8031465822792,False,False
robot1,1811,1722895106205910362,477333.0642011246,4428599.581209976,1624.3235052255209,0.6905588513744881,1.3721486752107772,1049.4937054336538,False,False
robot1,1812,1722895106694943436,477333.74511379417,4428599.58082876,1624.305393623858,0.6809127762875243,1.3923650692409582,1050.1746182099412,False,False
robot1,1813,1722895107200286257,477334.3992680355,4428599.616964846,1624.2811636410745,0.6551515764712154,1.2964500091290245,1050.8297697864125,False,False
robot1,1814,1722895107710323299,477335.07998116687,4428599.642556214,1624.2755408603898,0.6811940144677514,1.3355777864476557,1051.5109638008803,False,False
robot1,1815,1722895108201047692,477335.8734042102,4428599.66385947,1624.2232061537002,0.793708985968307,1.6174217865199079,1052.3046727868486,False,False
robot1,1816,1722895108697018062,477336.6225664578,4428599.684675684,1624.198392703004,0.7494513913383322,1.5110813452690455,1053.054124178187,False,False
robot1,1817,1722895109202291941,477337.3185924511,4428599.699549372,1624.1875921182914,0.6961848964054477,1.3778368683835556,1053.7503090745925,False,False
robot1,1818,1722895109699468015,477338.02134729247,4428599.714481109,1624.1713210854407,0.7029134539979061,1.4138116344238996,1054.4532225285905,False,False
robot1,1819,1722895110197818596,477338.7670145714,4428599.712417637,1624.133779400282,0.7456701340402628,1.496276838938822,1055.1988926626307,False,False
robot1,1820,1722895110699901729,477339.4823801324,4428599.715226597,1624.107995666227,0.7153710758378589,1.4248062290420032,1055.9142637384684,False,False
robot1,1821,1722895111202778072,477340.2504798604,4428599.7103805775,1624.0772085272065,0.7681150148467084,1.5274425908911262,1056.682378753315,False,False
robot1,1822,1722895111707426474,477341.0696417492,4428599.702557892,1624.0563316403066,0.8191992397865867,1.6233067684976772,1057.5015779931016,False,False
robot1,1823,1722895112197502200,477341.8382708868,4428599.692080675,1624.0138696763831,0.7687005419823064,1.568534651489962,1058.270278535084,False,False
robot1,1824,1722895112709866087,477342.563224946,4428599.672865519,1624.0062463706147,0.7252086665974277,1.4154171507551185,1058.9954872016813,False,False
robot1,1825,1722895113203717665,477343.348386875,4428599.648558357,1623.9658601672306,0.7855380913409885,1.5906357157234912,1059.7810252930224,False,False
robot1,1826,1722895113701470025,477344.11172578577,4428599.695795451,1623.9368201503053,0.7647990819711662,1.5365057108640752,1060.5458243749936,False,False
robot1,1827,1722895114203003303,477344.7804805053,4428599.724448161,1623.9060869527116,0.6693682489493346,1.3346431252762856,1061.2151926239428,False,False
robot1,1828,1722895114698665120,477345.4033442881,4428599.738325993,1623.899945592229,0.6230183674110352,1.2569426339497203,1061.838210991354,False,False
robot1,1829,1722895115207373283,477345.668338984,4428599.729493541,1623.8907757173524,0.265141850828925,0.5212061270282069,1062.1033528421829,False,False
robot1,1830,1722895115698641599,477345.78693215386,4428599.708795194,1623.8883044846084,0.12038588582978893,0.24505115068966613,1062.2237387280127,False,False
robot1,1831,1722895116200353000,477346.0144939864,4428599.643159178,1623.8895803631954,0.23683849803427606,0.47206147881778765,1062.460577226047,False,False
robot1,1832,1722895116698308739,477346.2881341018,4428599.556350933,1623.8809471845098,0.2870794038267219,0.576515559999423,1062.7476566298737,False,False
robot1,1833,1722895117202067680,477346.35410333227,4428599.540980136,1623.8769970927326,0.06773625899917722,0.134461723799508,1062.815392888873,False,False
robot1,1834,1722895117702494735,477346.3430578305,4428599.515404537,1623.879354967776,0.02785882907968022,0.05567011502657245,1062.8432517179526,True,False
robot1,1835,1722895118208071155,477346.4803657656,4428599.361296234,1623.8729031071962,0.2064045500092707,0.40825573354457684,1063.0496562679618,False,False
robot1,1836,1722895118701201972,477346.6157382452,4428599.22359981,1623.8763469669414,0.19309586557477235,0.3915713864082936,1063.2427521335367,False,False
robot1,1837,1722895119203411500,477346.6903979645,4428599.094512119,1623.8705671636687,0.1491231226371764,0.29693413787551265,1063.3918752561738,False,False
robot1,1838,1722895119699907976,477346.8636606833,4428598.912869196,1623.868176434,0.2510261361645697,0.5055947956787601,1063.6429013923384,False,False
robot1,1839,1722895120201241383,477347.064734132,4428598.658699362,1623.8633693772024,0.3240876990600915,0.6464516519930805,1063.9669890913985,False,False
robot1,1840,1722895120706242828,477347.1208341101,4428598.612690996,1623.8597100912743,0.07255327155927475,0.14366940514234364,1064.0395423629577,False,False
robot1,1841,1722895121206042685,477347.1233398243,4428598.6004024185,1623.8592655134407,0.012541441288146287,0.025092933380449628,1064.052083804246,True,False
robot1,1842,1722895121698747158,477347.330000074,4428598.366647097,1623.8602156343318,0.3120096296684841,0.6332589765455043,1064.3640934339144,False,False
robot1,1843,1722895122197935295,477347.561500038,4428598.044392975,1623.855511508916,0.3967870368845192,0.7948646402611617,1064.7608804707988,False,False
robot1,1844,1722895122701211620,477347.7932916961,4428597.630057073,1623.8464493533656,0.47476479684475076,0.9433481200217185,1065.2356452676436,False,False
robot1,1845,1722895123202365245,477348.01299261954,4428597.050165601,1623.8418164661834,0.6201150015878243,1.2373754545073086,1065.8557602692315,False,False
robot1,1846,1722895123697746099,477348.2415849646,4428596.503174202,1623.8543436624757,0.592835602293021,1.1967262822658364,1066.4485958715245,False,False
robot1,1847,1722895124196253579,477348.3223932438,4428595.878055497,1623.849220715728,0.6303200557755548,1.2644143892748323,1067.0789159273002,False,False
robot1,1848,1722895124697975483,477348.429062969,4428595.2982947845,1623.8458444245998,0.5894920814715924,1.1749380078278033,1067.6684080087718,False,False
robot1,1849,1722895125198937575,477348.4788241568,4428595.018100894,1623.8552666008522,0.2845782705247114,0.5680635652014214,1067.9529862792965,False,False
robot1,1850,1722895125702320860,477348.530249822,4428594.693486601,1623.8535345046323,0.32866249896279576,0.6529072192234371,1068.2816487782593,False,False
robot1,1851,1722895126195549291,477348.6058866174,4428594.19313088,1623.8646721965838,0.5060402877275139,1.025975493886,1068.7876890659868,False,False
robot1,1852,1722895126699725275,477348.62105396105,4428593.716211387,1623.874396824824,0.4771606132502636,0.9464164912875371,1069.2648496792372,False,False
robot1,1853,1722895127199496871,477348.6358848742,4428593.128593083,1623.8768296612382,0.5878054335157008,1.1761481432618537,1069.852655112753,False,False
robot1,1854,1722895127696721774,477348.6363109869,4428592.394379196,1623.8705652757744,0.7342140104331409,1.4766245590724598,1070.586869123186,False,False
robot1,1855,1722895128199115877,477348.6069726173,4428591.682746696,1623.8993568956942,0.7122370070666431,1.4176855703308044,1071.2991061302528,False,False
robot1,1856,1722895128696965537,477348.5798129418,4428590.956410711,1623.8918519093377,0.7268435952321398,1.4599652124128744,1072.025949725485,False,False
robot1,1857,1722895129196980212,477348.5379086929,4428590.3038818855,1623.8882532060386,0.6538729492890072,1.3077078611922965,1072.679822674774,False,False
robot1,1858,1722895129697112342,477348.4837024455,4428589.577603577,1623.888831456503,0.7282983585442588,1.4562120327803891,1073.4081210333181,False,False
robot1,1859,1722895130198076427,477348.42885131366,4428588.932453716,1623.9008867180678,0.6474774044010609,1.2924625152479767,1074.0555984377193,False,False
robot1,1860,1722895130698968042,477348.3935583049,4428588.359269722,1623.9023438635888,0.5742695248989796,1.146494424921362,1074.6298679626182,False,False
robot1,1861,1722895131197050264,477348.370737915,4428587.737804292,1623.9100188872533,0.6218842751020766,1.248557615306504,1075.2517522377202,False,False
robot1,1862,1722895131700260354,477348.3505231158,4428587.050568799,1623.9315370129725,0.6875327346670199,1.3662936787861082,1075.9392849723872,False,False
robot1,1863,1722895132198977806,477348.3210313423,4428586.453354065,1623.9519178421128,0.5979424740834589,1.1989607427664908,1076.5372274464708,False,False
robot1,1864,1722895132705845431,477348.3075740871,4428585.790407519,1623.9788295184524,0.6630831178426875,1.30819713912507,1077.2003105643134,False,False
robot1,1865,1722895133203766081,477348.2921091759,4428585.111166749,1624.0016316534222,0.6794167989616419,1.3645085531006595,1077.8797273632752,False,False
robot1,1866,1722895133699070411,477348.3500906099,4428584.581690574,1624.0241435894145,0.5326414053341056,1.0753820545784873,1078.4123687686092,False,False
robot1,1867,1722895134200086958,477348.5908093374,4428583.904999948,1624.042235952517,0.7182309579879864,1.4335471796221422,1079.1305997265972,False,False
robot1,1868,1722895134702340911,477348.8501782012,4428583.32690485,1624.043984134321,0.6336135651058963,1.2615406830316653,1079.764213291703,False,False
robot1,1869,1722895135200888436,477349.02409204544,4428582.902697153,1624.041102881493,0.4584737671270561,0.9196189278911556,1080.2226870588302,False,False
robot1,1870,1722895135701931433,477349.2261034271,4428582.417262647,1624.039819318225,0.5257901273616877,1.0493910543874223,1080.7484771861918,False,False
robot1,1871,1722895136201937949,477349.40898057615,4428581.970976961,1624.0430665341191,0.4823017370597792,0.964591055392401,1081.2307789232516,False,False
robot1,1872,1722895136697758033,477349.5928254788,4428581.516149575,1624.0367741628,0.4905781275716036,0.9894277814149158,1081.7213570508231,False,False
robot1,1873,1722895137194989440,477349.80540037743,4428581.036962661,1624.0416896411407,0.5242215047121086,1.0542800904417684,1082.2455785555353,False,False
robot1,1874,1722895137702079142,477350.0569826202,4428580.554089483,1624.042905733124,0.5444815249380605,1.073738268293303,1082.7900600804733,False,False
robot1,1875,1722895138195815180,477350.3399492497,4428580.126831212,1624.0296867545974,0.5124643825312909,1.0379324177998528,1083.3025244630046,False,False
robot1,1876,1722895138700310826,477350.6572454528,4428579.750704334,1624.017670607576,0.49208567225054034,0.9754012761119667,1083.7946101352552,False,False
robot1,1877,1722895139200066959,477351.0290750274,4428579.378305802,1624.0150233318031,0.5262488946912359,1.0530109506562235,1084.3208590299464,False,False
robot1,1878,1722895139701767066,477351.4691058322,4428578.890849763,1623.9964928980428,0.6566890433636907,1.3089273074660117,1084.9775480733101,False,False
robot1,1879,1722895140197366453,477351.8849933077,4428578.406393417,1623.9849535980477,0.638482844637735,1.2883046514760856,1085.616030917948,False,False
robot1,1880,1722895140705847620,477352.2736986415,4428577.951781223,1623.9785297146773,0.5981338345022671,1.1763149542970384,1086.2141647524502,False,False
robot1,1881,1722895141202053678,477352.6967841988,4428577.462587116,1623.9816384811202,0.646770641295844,1.3034316039002363,1086.860935393746,False,False
robot1,1882,1722895141696513596,477353.1440168997,4428576.928475954,1624.0016549604563,0.6966288989161158,1.4088677541614318,1087.5575642926622,False,False
robot1,1883,1722895142203650388,477353.65621866,4428576.373275131,1623.9909106725004,0.7553797698780377,1.4894996628336588,1088.3129440625403,False,False
robot1,1884,1722895142701874551,477354.1045352944,4428575.882009331,1624.0170005462328,0.6650788605737371,1.334898591006127,1088.978022923114,False,False
robot1,1885,1722895143202550543,477354.5791345311,4428575.361816191,1624.0218964311507,0.7041628635367593,1.4064244755723172,1089.6821857866507,False,False
robot1,1886,1722895143704557142,477355.07094983046,4428574.836637601,1624.025994856741,0.719510138877424,1.4332684831523537,1090.4016959255282,False,False
robot1,1887,1722895144196721662,477355.5479399498,4428574.278165024,1624.0439840803704,0.7344461816430293,1.4922775104297872,1091.1361421071713,False,False
robot1,1888,1722895144704402912,477356.03472612816,4428573.728159589,1624.069752451269,0.7344840107153349,1.4467420993436424,1091.8706261178866,False,False
robot1,1889,1722895145198483262,477356.4946159266,4428573.22497808,1624.0963249733709,0.6816819327484512,1.3796986556895618,1092.552308050635,False,False
robot1,1890,1722895145701185709,477357.0289976122,4428572.679282552,1624.1222740261633,0.7637718216925284,1.5193317325704445,1093.3160798723275,False,False
robot1,1891,1722895146202962745,477357.6214273507,4428572.065279275,1624.13979349265,0.8532133487843124,1.7003837592609714,1094.1692932211117,False,False
robot1,1892,1722895146702355428,477358.13042909285,4428571.532071855,1624.1749605218922,0.7371519019561198,1.4760965294087243,1094.906445123068,False,False
robot1,1893,1722895147197552657,477358.63968447055,4428571.013026426,1624.1970726482932,0.7271514267262496,1.4684075062414856,1095.6335965497942,False,False
robot1,1894,1722895147699883958,477359.1776718297,4428570.453793649,1624.2278260159926,0.7759972277456434,1.5447918423120195,1096.4095937775398,False,False
robot1,1895,1722895148200246820,477359.7119192233,4428569.936824605,1624.2498590528362,0.7434226723605735,1.4857670549940785,1097.1530164499004,False,False
robot1,1896,1722895148700558292,477360.2785755979,4428569.38056315,1624.281983618783,0.7940568322706739,1.587124527007779,1097.947073282171,False,False
robot1,1897,1722895149198078978,477360.8916676058,4428568.773925562,1624.3202033417383,0.8624911437302668,1.7335792916994608,1098.8095644259013,False,False
robot1,1898,1722895149700353291,477361.4934393854,4428568.159965655,1624.3612335006835,0.8596953197477626,1.7116045052619555,1099.669259745649,False,False
robot1,1899,1722895150197935199,477362.06480047054,4428567.581111032,1624.3951217273038,0.8133425874144645,1.6345909709842354,1100.4826023330634,False,False
robot1,1900,1722895150700299597,477362.667361551,4428566.989201415,1624.4248586891615,0.844651910269771,1.6813530481688743,1101.327254243333,False,False
robot1,1901,1722895151197418511,477363.2621834978,4428566.529115124,1624.4393273867631,0.7519923830129422,1.512701101374495,1102.079246626346,False,False
robot1,1902,1722895151698733389,477363.8386195568,4428566.077279884,1624.454792276579,0.732416284379135,1.4609905188204044,1102.811662910725,False,False
robot1,1903,1722895152202274919,477364.4632498034,4428565.566695275,1624.4581177039809,0.8067586928652835,1.6021693179468381,1103.6184216035904,False,False
robot1,1904,1722895152698099778,477364.96151831787,4428565.065329798,1624.4666358719194,0.7068513664509426,1.425607082817533,1104.3252729700414,False,False
robot1,1905,1722895153201108736,477365.3906378478,4428564.572417107,1624.473332430974,0.6535338484795701,1.2992486086480652,1104.978806818521,False,False
robot1,1906,1722895153701717560,477365.86274708825,4428564.029993766,1624.4864558544873,0.7191037590029764,1.4364581388066806,1105.697910577524,False,False
robot1,1907,1722895154198293099,477366.31844704767,4428563.47451145,1624.480318330773,0.7184866430329656,1.4468834085945088,1106.416397220557,False,False
robot1,1908,1722895154696834632,477366.76315495576,4428562.984254767,1624.482165679439,0.6619038742220865,1.3276803435930984,1107.0783010947791,False,False
robot1,1909,1722895155200834220,477367.08088577527,4428562.694374815,1624.4844295729442,0.43009680371354897,0.8533671649190291,1107.5083978984926,False,False
robot1,1910,1722895155696353382,477367.3038432573,4428562.483289464,1624.4772915158433,0.3070294186032451,0.6196118946674057,1107.8154273170958,False,False
robot1,1911,1722895156199608898,477367.4548951124,4428562.334726716,1624.4793053274868,0.2118668284729029,0.42099248587445964,1108.0272941455687,False,False
robot1,1912,1722895156702675945,477367.5625705639,4428562.222985469,1624.4781609020192,0.15517767004086636,0.3084630702800432,1108.1824718156095,False,False
robot1,1913,1722895157200509301,477367.5452506812,4428562.233261456,1624.4766503882545,0.020138873974332807,0.04045307046101578,1108.2026106895837,True,False
robot1,1914,1722895157705093769,477367.55210693134,4428562.227199556,1624.4775973015212,0.009151764356609764,0.018137218067431002,1108.2117624539403,True,False
robot1,1915,1722895158199733567,477367.73930250976,4428562.058411449,1624.4785170674609,0.2520547751595865,0.5095725398465752,1108.4638172291,False,False
robot1,1916,1722895158700338404,477368.0951712184,4428561.728385332,1624.482363733148,0.4853450069669644,0.9695171542554953,1108.949162236067,False,False
robot1,1917,1722895159205428770,477368.5741575668,4428561.296173451,1624.4870530096196,0.6451627953454065,1.2773212467333868,1109.5943250314124,False,False
robot1,1918,1722895159705616788,477369.1344178813,4428560.7822385775,1624.4903436313527,0.7602767086584916,1.51998156298635,1110.3546017400708,False,False
robot1,1919,1722895160197995181,477369.6646243948,4428560.299054711,1624.498872701868,0.7173462174209242,1.4569007454606717,1111.0719479574918,False,False
robot1,1920,1722895160698441546,477370.2046749882,4428559.80316433,1624.5030191959524,0.7331861382056081,1.4650645024641618,1111.8051340956974,False,False
robot1,1921,1722895161199787030,477370.7492366255,4428559.303281548,1624.500700369976,0.739209153358667,1.4744508659992392,1112.544343249056,False,False
robot1,1922,1722895161701872795,477371.34551047074,4428558.727358556,1624.50268998999,0.8289932396104088,1.6510983473918746,1113.3733364886664,False,False
robot1,1923,1722895162197187587,477371.9290646383,4428558.174454118,1624.5058783266063,0.8038897836501273,1.6229874907992168,1114.1772262723166,False,False
robot1,1924,1722895162698127681,477372.49552365456,4428557.621133428,1624.5112056536573,0.7918583226722788,1.5807453308693613,1114.9690845949888,False,False
robot1,1925,1722895163198672841,477373.05001943646,4428557.079488502,1624.5167845738213,0.7751417923172104,1.5485940632184034,1115.744226387306,False,False
robot1,1926,1722895163694867984,477373.5853776458,4428556.552598943,1624.5132709808595,0.7511464701131845,1.513813547323654,1116.4953728574192,False,False
robot1,1927,1722895164199349515,477374.1351792891,4428555.99107016,1624.5256764837577,0.7858730313718608,1.557783481064582,1117.281245888791,False,False
robot1,1928,1722895164697718203,477374.6339988827,4428555.481253746,1624.5297989554233,0.7132557484622855,1.431180067845578,1117.9945016372533,False,False
robot1,1929,1722895165198759468,477375.1127668304,4428555.062970975,1624.53680151509,0.6357509133981075,1.2688602234524453,1118.6302525506514,False,False
robot1,1930,1722895165704301200,477375.68723887525,4428554.526383686,1624.5366163977365,0.7860941734793513,1.5549531225525866,1119.4163467241308,False,False
robot1,1931,1722895166194757543,477376.2590472672,4428553.997125269,1624.5558714745575,0.7791529432867614,1.588628539294654,1120.1954996674176,False,False
robot1,1932,1722895166697962755,477376.7977493468,4428553.496028949,1624.5532516232513,0.7357291980358456,1.4620862449870957,1120.9312288654535,False,False
robot1,1933,1722895167206193793,477377.3403651128,4428552.981587935,1624.545455030372,0.7477174772001719,1.4712153279816398,1121.6789463426537,False,False
robot1,1934,1722895167699337751,477377.86268232495,4428552.524237146,1624.5565498012463,0.6942514060556737,1.4078072367342487,1122.3731977487093,False,False
robot1,1935,1722895168196804658,477378.4163567025,4428552.054162045,1624.5606164408664,0.7263097938389664,1.4600166082384518,1123.0995075425483,False,False
robot1,1936,1722895168698193864,477379.0456639539,4428551.518426036,1624.548505655437,0.8264627562541442,1.6483447509761302,1123.9259702988024,False,False
robot1,1937,1722895169197359259,477379.6166049778,4428551.033780586,1624.5604899080467,0.7489024405699178,1.5003095081712132,1124.6748727393724,False,False
robot1,1938,1722895169697460970,477380.1720733185,4428550.5539483465,1624.5530250122936,0.7340191111473415,1.4677400763936974,1125.4088918505197,False,False
robot1,1939,1722895170204565065,477380.7756265112,4428550.030656923,1624.549024105522,0.7988181086775635,1.5752545023405542,1126.2077099591972,False,False
robot1,1940,1722895170702210334,477381.3170852995,4428549.568576959,1624.5624491331566,0.7118254787947275,1.4303876839470795,1126.919535437992,False,False
robot1,1941,1722895171195607176,477381.8680902128,4428549.0841733245,1624.5723764005866,0.7336574783426452,1.4869516477232771,1127.6531929163345,False,False
robot1,1942,1722895171698397403,477382.37936963054,4428548.6246926505,1624.5738787463756,0.6874075448924217,1.367185612653532,1128.340600461227,False,False
robot1,1943,1722895172201676306,477382.83849190624,4428548.206828182,1624.5740676424082,0.6208091320180763,1.233528854050725,1128.9614095932452,False,False
robot1,1944,1722895172701025862,477383.04299738776,4428548.016505733,1624.5668596258197,0.27936557836707254,0.5594591745828449,1129.2407751716123,False,False
robot1,1945,1722895173200377105,477382.98472519015,4428548.068386045,1624.5667923026922,0.07802061140033574,0.15624394524282434,1129.3187957830125,False,False
robot1,1946,1722895173697077925,477382.9851374217,4428548.069300113,1624.5674267315171,0.0010027238322320203,0.0020187674837583813,1129.3197985068448,True,False
robot1,1947,1722895174197393937,477382.9879087748,4428548.068505977,1624.5664150126856,0.0028828891804145184,0.005762137788962822,1129.3226813960252,True,False
robot1,1948,1722895174700549725,477382.9860851732,4428548.067399172,1624.5667557862498,0.0021331995898487815,0.004239641038757377,1129.3248145956152,True,False
robot1,1949,1722895175199704495,477382.9856678736,4428548.070827049,1624.5672972634434,0.003453184085550415,0.006918059074459234,1129.3282677797008,True,False
robot1,1950,1722895175697579423,477382.9863781354,4428548.069782385,1624.5667469107502,0.0012632481246862592,0.0025372798144101686,1129.3295310278254,True,False
robot1,1951,1722895176195974468,477383.009531154,4428548.049513884,1624.5673240886242,0.03077132423058375,0.061740870277984625,1129.360302352056,True,False
robot1,1952,1722895176699914020,477383.2162018155,4428547.858694426,1624.5620265028588,0.28129135771019537,0.5581846351140398,1129.641593709766,False,False
robot1,1953,1722895177198358938,477383.3783262351,4428547.701645303,1624.5654039357703,0.22571830790373862,0.4528449327302691,1129.8673120176697,False,False
robot1,1954,1722895177700472524,477383.3464316764,4428547.73329797,1624.5665379693517,0.04493500014203007,0.08949170440491093,1129.9122470178118,True,False
robot1,1955,1722895178198886572,477383.4952517883,4428547.598572972,1624.567995257408,0.20074424216513065,0.4027660262569606,1130.112991259977,False,False
robot1,1956,1722895178699495374,477383.6534458885,4428547.445791824,1624.563606293426,0.2199260163212459,0.43931722311480276,1130.3329172762983,False,False
robot1,1957,1722895179201979343,477383.6239894184,4428547.469278066,1624.5648959477592,0.037673428617692975,0.07497437208279299,1130.370590704916,True,False
robot1,1958,1722895179694879149,477383.6280629565,4428547.46886628,1624.564650287557,0.004094298551768183,0.00830655188948844,1130.3746850034677,True,False
robot1,1959,1722895180197440802,477383.62664417096,4428547.468331368,1624.5644026479258,0.001516273020006808,0.0030170890750334145,1130.3762012764878,True,False
robot1,1960,1722895180696821242,477383.6271206052,4428547.466673307,1624.5646310912084,0.0017251534722691202,0.003454588214932857,1130.37792642996,True,False
robot1,1961,1722895181199946575,477383.6275336813,4428547.468567385,1624.5642113546487,0.00193859849913178,0.003853113568613546,1130.3798650284593,True,False
robot1,1962,1722895181698550034,477383.6282925873,4428547.464339073,1624.5645406700369,0.004295877689065318,0.008615817938051504,1130.3841609061485,True,False
robot1,1963,1722895182202249446,477383.62729306857,4428547.467158284,1624.5645245391595,0.0029911518857919125,0.00593836531855419,1130.3871520580342,True,False
robot1,1964,1722895182702651859,477383.6277904972,4428547.465824509,1624.5652488919764,0.001423513611239103,0.002844737490077669,1130.3885755716453,True,False
robot1,1965,1722895183197602991,477383.62907873257,4428547.4670134485,1624.5647904652812,0.0017530337514717323,0.003541832862116785,1130.390328605397,True,False
robot1,1966,1722895183701255609,477383.6291845418,4428547.467051491,1624.564251018818,0.00011244038778442785,0.0002232497969184822,1130.3904410457847,True,False
robot1,1967,1722895184199143510,477383.630008746,4428547.467557187,1624.5639899681253,0.0009669751945057706,0.0019421555635975867,1130.3914080209793,True,False
robot1,1968,1722895184702761764,477383.6278524775,4428547.468101027,1624.565563151561,0.002223793178486278,0.004415632715988099,1130.3936318141577,True,False
robot1,1969,1722895185199543166,477383.63004309766,4428547.466456521,1624.565282935714,0.002739200087142324,0.005513894778159404,1130.3963710142448,True,False
robot1,1970,1722895185699297172,477383.6301495658,4428547.464058826,1624.566194212482,0.0024000582178264327,0.004802477425331017,1130.3987710724625,True,False
robot1,1971,1722895186196868056,477383.6288088515,4428547.466960361,1624.5660965160869,0.003196313961136793,0.006423835021807705,1130.4019673864236,True,False
robot1,1972,1722895186696432810,477383.6299428196,4428547.468510068,1624.566638268566,0.0019202798542805077,0.003843906615929049,1130.4038876662778,True,False
robot1,1973,1722895187202769952,477383.62787583546,4428547.466004111,1624.5643603054716,0.0032484218685470165,0.006415531167272624,1130.4071360881464,True,False
robot1,1974,1722895187700114740,477383.6285454026,4428547.464605508,1624.56507240089,0.0015506157226308158,0.0031177885719389942,1130.408686703869,True,False
robot1,1975,1722895188201369340,477383.6288309063,4428547.462783948,1624.5653176685423,0.0018437993517647503,0.003678369244261263,1130.4105305032208,True,False
robot1,1976,1722895188697061108,477383.6309343765,4428547.466504244,1624.5647629297623,0.004273779745232618,0.008621849201016675,1130.414804282966,True,False
robot1,1977,1722895189198163166,477383.6311408648,4428547.462762293,1624.564486820381,0.003747643615559351,0.007478800826594211,1130.4185519265816,True,False
robot1,1978,1722895189701208234,477383.6314917032,4428547.466192516,1624.564106454496,0.003448117118805448,0.006854489272539753,1130.4220000437003,True,False
robot1,1979,1722895190209949729,477383.6325468833,4428547.463380566,1624.5634866448706,0.003003409087880018,0.005903606848449683,1130.4250034527881,True,False
robot1,1980,1722895190700045030,477383.6278824726,4428547.465391166,1624.56450125211,0.005079295085373306,0.010363891038500803,1130.4300827478735,True,False
robot1,1981,1722895191197395694,477383.62884514045,4428547.462599566,1624.5645248809908,0.002952923376114781,0.005937306249224238,1130.4330356712496,True,False
robot1,1982,1722895191713815817,477383.6305024757,4428547.461935616,1624.56461335401,0.001785382288894667,0.003457229924645298,1130.4348210535386,True,False
robot1,1983,1722895192198202833,477383.63002753217,4428547.462790865,1624.564674894826,0.0009782754355604896,0.0020196147166209343,1130.435799328974,True,False
robot1,1984,1722895192695058291,477383.6298464899,4428547.4661208335,1624.5643313830467,0.0033348858641724733,0.006711986648337187,1130.4391342148383,True,False
robot1,1985,1722895193201738687,477383.63005546207,4428547.46542262,1624.5646702794545,0.0007288150810440566,0.0014384109009870777,1130.4398630299193,True,False
robot1,1986,1722895193701090235,477383.62999810127,4428547.463667161,1624.564896121539,0.0017563961352039508,0.0035173542685895134,1130.4416194260546,True,False
robot1,1987,1722895194206320082,477383.62964120007,4428547.463273903,1624.5645480234557,0.000531064885211979,0.0010511354995354813,1130.4421504909399,True,False
robot1,1988,1722895194696886970,477383.6308371441,4428547.463249537,1624.563618933288,0.001196192223712524,0.0024383872121501227,1130.4433466831636,True,False
robot1,1989,1722895195197016528,477383.6311600464,4428547.463106556,1624.5648973798409,0.00035314237458760115,0.0007061019234456267,1130.443699825538,True,False
robot1,1990,1722895195697797222,477383.63262420177,4428547.463230994,1624.5653699330571,0.001469433817736653,0.00293428673015289,1130.4451692593557,True,False
robot1,1991,1722895196196342966,477383.6303205127,4428547.468406837,1624.5648718737114,0.005665363427967943,0.011363775326297159,1130.4508346227838,True,False
robot1,1992,1722895196697474737,477383.63258985465,4428547.465059377,1624.5652377826443,0.004044181325046736,0.008070095617519597,1130.4548788041088,True,False
robot1,1993,1722895197197581916,477383.6334307467,4428547.467144843,1624.5651973969466,0.0022486145905622878,0.00449626653098171,1130.4571274186994,True,False
robot1,1994,1722895197697459278,477383.6320016901,4428547.466225717,1624.5657594532372,0.0016991160197169196,0.003399065130920433,1130.458826534719,True,False
robot1,1995,1722895198204052901,477383.6320902957,4428547.465748163,1624.5656459815934,0.0004857046874259206,0.0009587657394405935,1130.4593122394065,True,False
robot1,1996,1722895198700899512,477383.6310175911,4428547.464450988,1624.5657458540222,0.0016832581663799285,0.003387882516116215,1130.4609954975729,True,False
robot1,1997,1722895199199725196,477383.631495428,4428547.4620070495,1624.564407199697,0.002490213554954681,0.0049921507916687044,1130.4634857111278,True,False
robot1,1998,1722895199698090461,477383.6338163577,4428547.464206832,1624.5640090648565,0.0031977742219722613,0.0064165283896843,1130.4666834853497,True,False
robot1,1999,1722895200198709237,477383.630952036,4428547.463091531,1624.5641971285766,0.0030737983794991717,0.006139999170531923,1130.4697572837292,True,False
robot2,0,1722894200659218593,477144.8773321881,4428490.759157235,1630.5471002088118,0.0,0.0,0.0,True,True
robot2,1,1722894201197239225,477144.87800905504,4428490.758348926,1630.5461790958827,0.0010542827246813988,0.0019595582464684335,0.0010542827246813988,True,True
robot2,2,1722894201697921487,477144.8764133551,4428490.757607234,1630.5458648009528,0.00175964930168449,0.0035145040076668397,0.0028139320263658885,True,True
robot2,3,1722894202197464551,477144.8736022099,4428490.757050561,1630.5453074498787,0.002865732392713829,0.005736708692671315,0.005679664419079718,True,True
robot2,4,1722894202696415109,477144.8775533293,4428490.758561415,1630.5461643729411,0.004230132830412639,0.008478057375737034,0.009909797249492357,True,True
robot2,5,1722894203196975593,477144.8767201503,4428490.757127006,1630.5455511330022,0.0016588298810469423,0.0033139446837631165,0.0115686271305393,True,True
robot2,6,1722894203697818155,477144.8768109442,4428490.7577217445,1630.5457586859236,0.0006016293321937964,0.0012012349850347714,0.012170256462733096,True,True
robot2,7,1722894204197642055,477144.87684311735,4428490.758248456,1630.5455610383417,0.0005276930491094438,0.001055757625474709,0.012697949511842539,True,True
robot2,8,1722894204696973788,477144.87752288,4428490.758645332,1630.5475562344095,0.000787139289335051,0.0015763855354647969,0.01348508880117759,True,True
robot2,9,1722894205198232958,477144.8779002106,4428490.757486054,1630.5456878443526,0.0012191412792633717,0.002432157954227068,0.014704230080440962,True,True
robot2,10,1722894205698254924,477144.8757297785,4428490.757137828,1630.5456179722696,0.0021981894999721237,0.0043961861435727455,0.016902419580413084,True,True
robot2,11,1722894206199563940,477144.8770744241,4428490.758504458,1630.5457704175296,0.0019172245463110942,0.0038244355240004166,0.01881964412672418,True,True
robot2,12,1722894206697578271,477144.87819243886,4428490.7567777615,1630.546282633018,0.002057045688011021,0.0041304959574877224,0.0208766898147352,True,True
robot2,13,1722894207198575205,477144.8781847432,4428490.758019724,1630.546291454399,0.001241986267608415,0.0024790302013888545,0.022118676082343615,True,True
robot2,14,1722894207697568997,477144.87525623926,4428490.758058138,1630.5453951252125,0.0029287558997880786,0.005869319555621101,0.025047431982131694,True,True
robot2,15,1722894208200600504,477144.8743283175,4428490.758684737,1630.5465642810686,0.0011196715613361683,0.002225847841782698,0.02616710354346786,True,True
robot2,16,1722894208699029571,477144.8803204367,4428490.7558712745,1630.5464004931123,0.006619747871632078,0.013281230107969968,0.03278685141509994,True,True
robot2,17,1722894209211140777,477144.8755838254,4428490.758716225,1630.5457512162995,0.005525326092504246,0.010789304472539145,0.038312177507604184,True,True
robot2,18,1722894209698091824,477144.873851182,4428490.75665407,1630.546676997935,0.00269342461037521,0.005531203972246249,0.04100560211797939,True,True
robot2,19,1722894210200497163,477144.8768441191,4428490.756919292,1630.545107805259,0.003004665583294344,0.005980559829024682,0.04401026770127374,True,True
robot2,20,1722894210704795276,477144.87280488975,4428490.758415942,1630.5451460944175,0.004307590495254345,0.008541752496055788,0.048317858196528084,True,True
robot2,21,1722894211197820620,477144.8783634076,4428490.757862534,1630.547127245594,0.005585998665309157,0.011330044589191951,0.05390385686183724,True,True
robot2,22,1722894211701379365,477144.8758456977,4428490.758578788,1630.5445830317742,0.0026176099488582705,0.0051982227355883825,0.05652146681069551,True,True
robot2,23,1722894212196905174,477144.8762493845,4428490.757066748,1630.546814577326,0.0015650004216529395,0.0031582620016400277,0.05808646723234845,True,True
robot2,24,1722894212700806404,477144.87528405554,4428490.757502708,1630.5452852799826,0.001059207581137843,0.0021020142248324614,0.059145674813486294,True,True
robot2,25,1722894213197812932,477144.87483539793,4428490.759466232,1630.546290277364,0.0020141302658354667,0.004052521725069528,0.06115980507932176,True,True
robot2,26,1722894213697916553,477144.87399043946,4428490.757185842,1630.5452330535927,0.002431899025185187,0.004862789390347256,0.06359170410450694,True,True
robot2,27,1722894214197672941,477144.8784151485,4428490.754502282,1630.5463083465677,0.005174895754125285,0.010354842646187664,0.06876659985863223,True,True
robot2,28,1722894214699323135,477144.87832255656,4428490.758045705,1630.5463748952316,0.003544633025207048,0.007065943724487838,0.07231123288383928,True,True
robot2,29,1722894215197735038,477144.88029497216,4428490.760591672,1630.545204915568,0.003220616413081173,0.006461759828486152,0.07553184929692046,True,True
robot2,30,1722894215697828494,477144.872899978,4428490.760570914,1630.5460513224816,0.007395023278243701,0.014787275465380084,0.08292687257516416,True,True
robot2,31,1722894216200579570,477144.8778155308,4428490.758079486,1630.5459852524057,0.005510886562308858,0.010961460712754164,0.08843775913747302,True,True
robot2,32,1722894216705657897,477144.8774042637,4428490.757878621,1630.5458653786304,0.0004576978481072357,0.0009061918396581896,0.08889545698558025,True,True
robot2,33,1722894217203719729,477144.8746409752,4428490.755388036,1630.5462698586723,0.0037200504957571666,0.00746905617775029,0.09261550748133741,True,True
robot2,34,1722894217700716778,477144.8771435567,4428490.75787066,1630.545537883944,0.0035251007252475545,0.007092799128212238,0.09614060820658497,True,True
robot2,35,1722894218198580721,477144.8774922456,4428490.758428537,1630.5456902726448,0.0006578835807517664,0.0013214122134694718,0.09679849178733674,True,True
robot2,36,1722894218699094906,477144.8789555352,4428490.757640061,1630.5453021206768,0.0016622007621422156,0.0033209873470001275,0.09846069254947895,True,True
robot2,37,1722894219199277046,477144.8780580165,4428490.758652039,1630.545547167046,0.0013526415301691774,0.0027042965858776595,0.09981333407964812,True,True
robot2,38,1722894219704147373,477144.87885486986,4428490.760116478,1630.5464504311628,0.0016672008092698076,0.0033022366689146386,0.10148053488891794,True,True
robot2,39,1722894220198696411,477144.8767160061,4428490.757988199,1630.5461431090823,0.0030173354228891893,0.006101185530832887,0.10449787031180713,True,True
robot2,40,1722894220699167577,477144.8754689453,4428490.758281378,1630.5459016674895,0.0012810600099409694,0.002559708185463415,0.1057789303217481,True,True
robot2,41,1722894221199458083,477144.8745678813,4428490.756882574,1630.546045985884,0.001663901459178488,0.003325869708377674,0.10744283178092658,True,True
robot2,42,1722894221697455425,477144.87103460426,4428490.757394931,1630.5457241846843,0.0035702319342669213,0.007169179530563458,0.1110130637151935,True,True
robot2,43,1722894222199052468,477144.87722175545,4428490.759044404,1630.5463357317774,0.00640324921618449,0.012765720481364637,0.11741631293137798,True,True
robot2,44,1722894222702484191,477144.8770925098,4428490.758379826,1630.5463374377375,0.000677028884672617,0.001344828056753655,0.1180933418160506,True,True
robot2,45,1722894223197198961,477144.8744684484,4428490.758767605,1630.5458278136207,0.002652559241165262,0.005361795481534519,0.12074590105721587,True,True
robot2,46,1722894223698441580,477144.87959379103,4428490.758753108,1630.5454243485608,0.005125363137641553,0.010225313556388197,0.12587126419485742,True,True
robot2,47,1722894224200357469,477144.8736549199,4428490.7574715065,1630.546101493489,0.0060755816436785254,0.012104779426069032,0.13194684583853594,True,True
robot2,48,1722894224697901941,477144.8774034716,4428490.757731816,1630.5456233178506,0.003757579122185691,0.007552250539329062,0.13570442496072163,True,True
robot2,49,1722894225199785509,477144.8773599395,4428490.75910198,1630.5459861440058,0.001370855930447684,0.002731421257564747,0.13707528089116933,True,True
robot2,50,1722894225697845536,477144.8744549936,4428490.756949763,1630.5457726649706,0.003615349391967897,0.007258863347620059,0.14069063028313722,True,True
robot2,51,1722894226198389843,477144.87799270777,4428490.756685863,1630.546433329067,0.0035475434701538054,0.007087371491396488,0.14423817375329104,True,True
robot2,52,1722894226699421785,477144.8776162887,4428490.760930478,1630.5464236278958,0.004261272420386301,0.008504992651805368,0.14849944617367733,True,True
robot2,53,1722894227196249596,477144.8727648548,4428490.758256735,1630.5461630583025,0.005539432212634982,0.011149601044214742,0.1540388783863123,True,True
robot2,54,1722894227700027210,477144.874858322,4428490.758490575,1630.5449823442282,0.0021064865450691177,0.004181380731695114,0.15614536493138143,True,True
robot2,55,1722894228199432120,477144.87572139857,4428490.75547847,1630.545270357236,0.0031333172652775075,0.006274101875927365,0.15927868219665894,True,True
robot2,56,1722894228698667607,477144.87440883386,4428490.754239854,1630.5458953894663,0.0018047143426534245,0.0036149567377598882,0.16108339653931236,True,True
robot2,57,1722894229206544494,477144.8732879945,4428490.758702122,1630.545712363983,0.004600881451842213,0.009059048947271183,0.16568427799115457,True,True
robot2,58,1722894229706966296,477144.8774355585,4428490.757383005,1630.5460423485376,0.004352281767846729,0.008697227207697006,0.17003655975900128,True,True
robot2,59,1722894230209844338,477144.875980562,4428490.757654257,1630.5463145517847,0.001480065054513092,0.0029431894012176426,0.17151662481351437,True,True
robot2,60,1722894230698198239,477144.8770673098,4428490.757928009,1630.5462480482286,0.001120696634966708,0.0022948438264729014,0.17263732144848107,True,True
robot2,61,1722894231199461849,477144.8758844452,4428490.759411971,1630.5453359667,0.0018977122248372163,0.0037858566927966185,0.1745350336733183,True,True
robot2,62,1722894231698176999,477144.8747137928,4428490.758271594,1630.5458933006664,0.0016342851145709865,0.003276991032533584,0.17616931878788927,True,True
robot2,63,1722894232198015840,477144.8758741588,4428490.755392108,1630.5463899306858,0.0031044944705447813,0.0062109939664359735,0.17927381325843406,True,True
robot2,64,1722894232696582393,477144.8799201311,4428490.755931196,1630.5456534789166,0.004081728490177538,0.008186926811818247,0.1833555417486116,True,True
robot2,65,1722894233198092666,477144.8789377562,4428490.758669141,1630.5468453270528,0.0029088490942455495,0.005800179982842998,0.18626439084285715,True,True
robot2,66,1722894233700835000,477144.8755690816,4428490.76235875,1630.5470009308772,0.004996117152944984,0.009937725307869594,0.19126050799580213,True,True
robot2,67,1722894234196914371,477144.8768042515,4428490.75753029,1630.5458730019486,0.004983941785650758,0.010046660544065828,0.1962444497814529,True,True
robot2,68,1722894234717100717,477144.8791236789,4428490.757866953,1630.545898795045,0.0023437331897220573,0.0045055639294643846,0.19858818297117495,True,True
robot2,69,1722894235198261159,477144.8798441257,4428490.7575980285,1630.5467964629895,0.0007690017912418535,0.0015982233524811649,0.1993571847624168,True,True
robot2,70,1722894235699576119,477144.8774326499,4428490.758323735,1630.5457915586387,0.0025183059682217087,0.00502340161125665,0.20187549073063848,True,True
robot2,71,1722894236200397606,477144.8747318093,4428490.756421747,1630.5456417091038,0.0033033464864484527,0.006595857930624813,0.20517883721708693,True,True
robot2,72,1722894236698225268,477144.87754764745,4428490.757381422,1630.5455389494025,0.0029748818513990437,0.005975725021132447,0.20815371906848598,True,True
robot2,73,1722894237199792955,477144.87384522014,4428490.757893691,1630.5461705028476,0.003737698082860201,0.007452032521203023,0.21189141715134618,True,True
robot2,74,1722894237697550184,477144.87586191983,4428490.758154185,1630.546460473779,0.002033453872168736,0.004085232492403439,0.21392487102351493,True,True
robot2,75,1722894238199040599,477144.8753842011,4428490.758462509,1630.5449410609097,0.0005685764833096729,0.0011337735176053729,0.2144934475068246,True,True
robot2,76,1722894238699156121,477144.8741995549,4428490.757736244,1630.5463235168177,0.0013895493375151527,0.0027784547879744527,0.21588299684433976,True,True
robot2,77,1722894239199066517,477144.8770511315,4428490.760169448,1630.5454869379373,0.003748595906998172,0.007498536232342444,0.21963159275133792,True,True
robot2,78,1722894239698751530,477144.87771610473,4428490.7572039785,1630.5458106883657,0.003039111841996813,0.0060820576837504,0.22267070459333474,True,True
robot2,79,1722894240198200202,477144.8758240656,4428490.759799108,1630.5466780796703,0.0032116209064981505,0.0064303309153008435,0.2258823254998329,True,True
robot2,80,1722894240701191464,477144.8749025034,4428490.758760452,1630.545997674284,0.001388554075242044,0.0027605931806372313,0.22727087957507494,True,True
robot2,81,1722894241200513221,477144.87709661946,4428490.757144114,1630.5462883250038,0.002725196270068367,0.005457793990345657,0.2299960758451433,True,True
robot2,82,1722894241699701364,477144.87479351694,4428490.757999106,1630.5463449758029,0.0024566833456841197,0.004921359507569822,0.23245275919082742,True,True
robot2,83,1722894242199588296,477144.877641778,4428490.757166853,1630.54558421224,0.002967361826779019,0.005936065327869395,0.23542012101760643,True,True
robot2,84,1722894242700842193,477144.8805217376,4428490.757035892,1630.546419347505,0.0028829357053333977,0.00575144858004581,0.23830305672293983,True,True
robot2,85,1722894243197072794,477144.8724131368,4428490.755703204,1630.5456890543282,0.008217387943728297,0.016559607485134055,0.24652044466666811,True,True
robot2,86,1722894243698900308,477144.8722679355,4428490.759395237,1630.5466546933071,0.0036948869263401744,0.007362866404805123,0.2502153315930083,True,True
robot2,87,1722894244203350806,477144.878918674,4428490.757340826,1630.5450771632325,0.0069608137136680645,0.013798802639778174,0.2571761453066764,True,True
robot2,88,1722894244699241847,477144.8785542479,4428490.756978214,1630.5462256640558,0.0005140953989853373,0.0010367107862216598,0.2576902407056617,True,True
robot2,89,1722894245201311658,477144.8745518389,4428490.758928976,1630.5459768317164,0.004452499419460069,0.008868280812617818,0.2621427401251218,True,True
robot2,90,1722894245698680510,477144.8718121816,4428490.757807475,1630.5448330663694,0.0029603188325354104,0.005951959105140175,0.2651030589576572,True,True
robot2,91,1722894246196868641,477144.8813214442,4428490.76062063,1630.5457837509746,0.00991664862660494,0.01990543379689216,0.27501970758426214,True,True
robot2,92,1722894246700262464,477144.8757451293,4428490.757703417,1630.5461744715665,0.006293283828959989,0.012501714767902315,0.28131299141322214,True,True
robot2,93,1722894247196594248,477144.87405213714,4428490.755230072,1630.5469704785785,0.0029972751133607793,0.0060388520891480986,0.2843102665265829,True,True
robot2,94,1722894247702341761,477144.8791085466,4428490.758056181,1630.546170983813,0.005792595825107266,0.011453532001340102,0.2901028623516902,True,True
robot2,95,1722894248198107302,477144.87859898806,4428490.756651803,1630.546183013842,0.001493963331216897,0.003013446418941862,0.29159682568290707,True,True
robot2,96,1722894248701522032,477144.8770671521,4428490.757787368,1630.5450227513363,0.0019068376907502727,0.0037878092467507904,0.29350366337365735,True,True
robot2,97,1722894249202924430,477144.8784267619,4428490.759813916,1630.5458295552294,0.002440375835550158,0.0048670983262529485,0.29594403920920753,True,True
robot2,98,1722894249697169831,477144.8752916476,4428490.756981091,1630.5458803300455,0.004225380530620753,0.00854915276153428,0.3001694197398283,True,True
robot2,99,1722894250199070136,477144.87457593536,4428490.759301219,1630.5458750311193,0.002428011586294509,0.00483763825015434,0.3025974313261228,True,True
robot2,100,1722894250701112377,477144.87454882846,4428490.758584152,1630.5459219971694,0.0007175793305120835,0.0014293211558268058,0.3033150106566349,True,True
robot2,101,1722894251197926540,477144.8761383154,4428490.759917173,1630.5459362470465,0.0020744668668087923,0.00417553616333096,0.3053894775234437,True,True
robot2,102,1722894251699503395,477144.8831751949,4428490.757690961,1630.5456160550525,0.007380629581420871,0.01471485844467984,0.3127701071048646,True,True
robot2,103,1722894252198988172,477144.8753999579,4428490.756915064,1630.545787895154,0.007813854803827907,0.015643829715313626,0.3205839619086925,True,True
robot2,104,1722894252701419239,477144.8722617341,4428490.760036085,1630.545957437874,0.004425971288139976,0.008809109965995501,0.32500993319683247,True,True
robot2,105,1722894253198276790,477144.8788907979,4428490.757751835,1630.5463504630816,0.00701158227661954,0.014111860284598224,0.332021515473452,True,True
robot2,106,1722894253698315608,477144.8803001575,4428490.7600463815,1630.5455520211844,0.00269281268249036,0.005385206802707293,0.3347143281559424,True,True
robot2,107,1722894254196650330,477144.8740132013,4428490.758281036,1630.5455655993137,0.006530104339915535,0.01310385378456606,0.3412444324958579,True,True
robot2,108,1722894254697339864,477144.87712351454,4428490.755255081,1630.5456516562165,0.004339407265266764,0.00866685868652217,0.34558383976112467,True,True
robot2,109,1722894255206931278,477144.87767564174,4428490.760381241,1630.5464478800218,0.005155809017480498,0.010117541281968822,0.35073964877860514,True,True
robot2,110,1722894255697349985,477144.8737088061,4428490.756427303,1630.5455191145168,0.005600840425961,0.011420528498039552,0.3563404892045661,True,True
robot2,111,1722894256198869121,477144.87767855753,4428490.75637505,1630.5458938060258,0.003970095294715455,0.00791613438157674,0.3603105844992816,True,True
robot2,112,1722894256701819690,477144.8761476053,4428490.761088287,1630.5453250147948,0.004955645309564497,0.00985314857050306,0.3652662298088461,True,True
robot2,113,1722894257199169633,477144.8757799864,4428490.757274497,1630.545780610337,0.0038314669563010236,0.007703764209686217,0.36909769676514714,True,True
robot2,114,1722894257697921012,477144.8805657984,4428490.756819882,1630.547022052268,0.004807355939008309,0.00963878180729442,0.37390505270415547,True,True
robot2,115,1722894258199968967,477144.8774984625,4428490.759236609,1630.5462447781892,0.003905011507959667,0.007778163415974636,0.37781006421211516,True,True
robot2,116,1722894258698562768,477144.8766876764,4428490.756869177,1630.54514027789,0.002502419836389214,0.005018954909086427,0.3803124840485044,True,True
robot2,117,1722894259208279737,477144.8742445092,4428490.757861707,1630.545879504695,0.002637078279054745,0.005173612697156488,0.3829495623275591,True,True
robot2,118,1722894259701208211,477144.8769482858,4428490.757307556,1630.5459150418071,0.0027599802595455417,0.0055991492313067735,0.38570954258710466,True,True
robot2,119,1722894260198179963,477144.881328197,4428490.760058805,1630.5460807618788,0.005172329537639367,0.010407701252963707,0.390881872124744,True,True
robot2,120,1722894260698065414,477144.8746037756,4428490.7574997945,1630.5464674529671,0.007194885670333927,0.014393058787242584,0.39807675779507795,True,True
robot2,121,1722894261198498056,477144.8779776627,4428490.757932887,1630.5458085750995,0.003401570761842766,0.006797262010285141,0.4014783285569207,True,True
robot2,122,1722894261701255220,477144.8791097653,4428490.757613445,1630.5450349913913,0.0011763077266571333,0.0023397139316763947,0.40265463628357784,True,True
robot2,123,1722894262197470392,477144.8796243912,4428490.759428633,1630.5460024086983,0.001886729914001155,0.0038022401741692846,0.40454136619757897,True,True
robot2,124,1722894262697409436,477144.8804738729,4428490.755990792,1630.5457938679017,0.0035412387650979663,0.007083338817979834,0.40808260496267695,True,True
robot2,125,1722894263198028527,477144.874085086,4428490.757505371,1630.5451936824318,0.006565862317736738,0.01311548937431181,0.4146484672804137,True,True
robot2,126,1722894263701136835,477144.8773655326,4428490.7574871285,1630.5454697823238,0.0032804973559071274,0.006520460101853762,0.41792896463632084,True,True
robot2,127,1722894264199700408,477144.8760804743,4428490.759037352,1630.5463547762215,0.0020135958790036897,0.004038793057951829,0.4199425605153245,True,True
robot2,128,1722894264698982723,477144.8753187643,4428490.75612697,1630.5464758474704,0.003008409241075244,0.006025469590385204,0.4229509697563998,True,True
robot2,129,1722894265201158320,477144.8744312024,4428490.757713977,1630.5460974990046,0.001818339332456996,0.0036209235231081703,0.4247693090888568,True,True
robot2,130,1722894265696872499,477144.87509619136,4428490.759500704,1630.546688227833,0.001906463210361541,0.0038458919634856564,0.4266757722992183,True,True
robot2,131,1722894266198804895,477144.8767693572,4428490.755975324,1630.5463429033164,0.0039022798902083496,0.0077745094200427885,0.4305780521894267,True,True
robot2,132,1722894266700169108,477144.8770099764,4428490.7590619465,1630.546538782821,0.0030959873955592942,0.006175126192603042,0.43367403958498596,True,True
robot2,133,1722894267199429527,477144.8785794181,4428490.758763105,1630.5458097534338,0.001597640036728481,0.0032000133695997777,0.4352716796217144,True,True
robot2,134,1722894267698067834,477144.8760810847,4428490.756205914,1630.545734442894,0.0035750378922130848,0.007169607017685388,0.4388467175139275,True,True
robot2,135,1722894268201302601,477144.8760478518,4428490.757695047,1630.5458572349355,0.001489504356336598,0.0029598592327736593,0.4403362218702641,True,True
robot2,136,1722894268700290703,477144.87668664654,4428490.757071215,1630.5450206569865,0.0008928749346156008,0.0017893701588353593,0.4412290968048797,True,True
robot2,137,1722894269198585118,477144.8769695858,4428490.7577708345,1630.5455103706238,0.0007546670931359435,0.0015145013162260331,0.44198376389801564,True,True
robot2,138,1722894269698983817,477144.875665889,4428490.756679928,1630.5467610578703,0.0016999124674849755,0.003397114891437877,0.4436836763655006,True,True
robot2,139,1722894270199029565,477144.8786268652,4428490.759325508,1630.545811565151,0.003970701977024167,0.00794068074942457,0.44765437834252475,True,True
robot2,140,1722894270717128085,477144.8763088362,4428490.75689732,1630.546198555928,0.003356986052610943,0.0064794318199603365,0.45101136439513567,True,True
robot2,141,1722894271198701776,477144.8796919015,4428490.758065832,1630.5457724156809,0.003579182944912688,0.00743226597337599,0.45459054734004833,True,True
robot2,142,1722894271697328847,477144.8709235661,4428490.759761182,1630.545672502415,0.008930728779750017,0.01791064206670894,0.4635212761197984,True,True
robot2,143,1722894272201669718,477144.8752455731,4428490.757696524,1630.546427819855,0.004789838696826641,0.009497224634426009,0.468311114816625,True,True
robot2,144,1722894272702378922,477144.87748398056,4428490.757617153,1630.544515898143,0.0022398141951376726,0.004473282633822965,0.4705509290117627,True,True
robot2,145,1722894273202223905,477144.8778087795,4428490.757943791,1630.545241351035,0.00046063737903350837,0.0009215608298921681,0.4710115663907962,True,True
robot2,146,1722894273699915438,477144.88030499767,4428490.757540692,1630.5468497931904,0.002528555838183042,0.0050805673213576655,0.4735401222289793,True,True
robot2,147,1722894274198053195,477144.875877118,4428490.756882836,1630.546243824229,0.004476482160768464,0.008986434972960283,0.47801660438974775,True,True
robot2,148,1722894274700503531,477144.8730164026,4428490.758359266,1630.545793004081,0.0032192451004260606,0.006407089488949777,0.4812358494901738,True,True
robot2,149,1722894275196245031,477144.8788622045,4428490.758777589,1630.546020233217,0.005860750236990533,0.011822193230386496,0.4870965997271643,True,True
robot2,150,1722894275700221725,477144.8715148475,4428490.7557550445,1630.5463129167124,0.007944773599331557,0.015764164648264738,0.49504137332649584,True,True
robot2,151,1722894276199305492,477144.8763724616,4428490.756800781,1630.5459330655071,0.004968901252884348,0.009956046814196009,0.5000102745793802,True,True
robot2,152,1722894276700590563,477144.8780952364,4428490.757608595,1630.5460122119462,0.001902765570166169,0.003795775419473306,0.5019130401495464,True,True
robot2,153,1722894277198560988,477144.8775169033,4428490.758652665,1630.5465672360071,0.001193545190392714,0.0023968198268082335,0.5031065853399391,True,True
robot2,154,1722894277697585362,477144.8776041986,4428490.759001766,1630.5458089326871,0.00035985053220214763,0.0007211081032639277,0.5034664358721412,True,True
robot2,155,1722894278199106905,477144.8758488532,4428490.757080918,1630.545772786246,0.0026020943548957266,0.005188399503462538,0.506068530227037,True,True
robot2,156,1722894278704654191,477144.8752674985,4428490.756918146,1630.5449628414058,0.0006037118519784065,0.0011941754105088895,0.5066722420790154,True,True
robot2,157,1722894279199819032,477144.8726804693,4428490.757307668,1630.5459181577965,0.002616189472299144,0.005283468930657864,0.5092884315513145,True,True
robot2,158,1722894279702476997,477144.8779726892,4428490.758007419,1630.545362554626,0.0053382809315825055,0.010620107700260983,0.514626712482897,True,True
robot2,159,1722894280198293439,477144.8786133275,4428490.761167613,1630.545180846752,0.0032244752704744207,0.006503364593204933,0.5178511877533715,True,True
robot2,160,1722894280699547195,477144.8754407127,4428490.756018474,1630.5474559541951,0.0060480672916727795,0.012065882883801117,0.5238992550450442,True,True
robot2,161,1722894281198578720,477144.8749422107,4428490.758649841,1630.5468113907496,0.002678170560597216,0.005366736019471282,0.5265774256056415,True,True
robot2,162,1722894281698804038,477144.8777581944,4428490.759976,1630.547009653598,0.0031126292870776234,0.0062224546669228465,0.5296900548927191,True,True
robot2,163,1722894282196505690,477144.8783303444,4428490.755222318,1630.5471867127164,0.004787989824888405,0.00962020092554617,0.5344780447176075,True,True
robot2,164,1722894282699199860,477144.87666905066,4428490.756946433,1630.548020247209,0.0023942580007488058,0.004762852514343566,0.5368723027183563,True,True
robot2,165,1722894283203018154,477144.8748151496,4428490.7584666535,1630.5498818768592,0.002397502582676302,0.004758663141089371,0.5392698053010326,True,True
robot2,166,1722894283697414231,477144.8820215714,4428490.761110368,1630.5513515425198,0.007676049929341897,0.015526117474593523,0.5469458552303745,True,True
robot2,167,1722894284198945660,477144.8788963822,4428490.755702727,1630.5548312943408,0.006245750218831807,0.012453359222203688,0.5531916054492063,True,True
robot2,168,1722894284701524521,477144.8797771725,4428490.75806555,1630.5567652217471,0.0025216511869457503,0.005017422770454076,0.555713256636152,True,True
robot2,169,1722894285199258093,477144.8865900319,4428490.759195864,1630.5610829447876,0.006905987544529707,0.013874867282082847,0.5626192441806818,True,True
robot2,170,1722894285699692248,477144.89036180254,4428490.75559531,1630.5617678915155,0.005214426783404372,0.010419805836158966,0.5678336709640861,True,True
robot2,171,1722894286197959714,477144.8902947202,4428490.755850285,1630.564841012706,0.00026365245026225474,0.0005291384582141008,0.5680973234143484,True,True
robot2,172,1722894286700728720,477144.8960492927,4428490.7592160655,1630.5660509073386,0.006666601934594593,0.01325976514270085,0.5747639253489429,True,True
robot2,173,1722894287199699119,477144.8926937095,4428490.753828202,1630.5682694589875,0.00634736226417257,0.012720922755933258,0.5811112876131155,True,True
robot2,174,1722894287699144023,477144.8986972782,4428490.75831998,1630.5708564358806,0.007497926841438017,0.015012525899682617,0.5886092144545535,True,True
robot2,175,1722894288201110162,477144.9050360193,4428490.756020582,1630.572744758041,0.00674291263641504,0.01343299394061278,0.5953521270909685,True,True
robot2,176,1722894288699011987,477144.90235044766,4428490.757193564,1630.5778045843188,0.0029305600196667834,0.005885820732591632,0.5982826871106353,True,True
robot2,177,1722894289197695473,477144.9140300202,4428490.757024508,1630.577894827113,0.011680795962342132,0.023423267608532798,0.6099634830729774,True,True
robot2,178,1722894289697813566,477144.89215324906,4428490.769932299,1630.620550670748,0.02540086970671414,0.050789751285297266,0.6353643527796916,True,True
robot2,179,1722894290200757928,477144.9135759051,4428490.832823268,1630.655148818356,0.06643947772212769,0.13210102060478304,0.7018038305018193,False,True
robot2,180,1722894290698976441,477144.8997271164,4428490.8377351165,1630.6173109201966,0.014694053295517678,0.029493188676545202,0.7164978837973369,True,True
robot2,181,1722894291200719538,477144.8930769188,4428490.88506577,1630.6492092489673,0.04779556328348582,0.0952590386536507,0.7642934470808227,True,True
robot2,182,1722894291698692300,477144.898320489,4428490.923406152,1630.5959914392702,0.038697285972093945,0.07770964931967866,0.8029907330529167,True,True
robot2,183,1722894292198851294,477144.9093859228,4428490.904702003,1630.570509915511,0.02173221140585372,0.043450603330610446,0.8247229444587704,True,True
robot2,184,1722894292697916584,477144.89959127473,4428490.901831819,1630.5681870313135,0.010206521861385326,0.02045127127298642,0.8349294663201557,True,True
robot2,185,1722894293199008516,477144.8907405884,4428490.9032333465,1630.569183656624,0.008960966928587492,0.017882887692308023,0.8438904332487432,True,True
robot2,186,1722894293698156135,477144.8959577578,4428490.902444181,1630.5685515245834,0.005276517624542674,0.010571055651972599,0.8491669508732859,True,True
robot2,187,1722894294201098752,477144.90644293313,4428490.903020508,1630.5685594804536,0.010501002553970563,0.02087912884138516,0.8596679534272564,True,True
robot2,188,1722894294698814354,477144.8992180778,4428490.909870058,1630.5696991946634,0.009955645584615246,0.02000267492609069,0.8696235990118717,True,True
robot2,189,1722894295199329589,477144.8915386841,4428490.903602676,1630.571661954049,0.009912273913795868,0.019804140747820675,0.8795358729256676,True,True
robot2,190,1722894295697339755,477144.9027676237,4428490.906766613,1630.5717281317063,0.011666172709739084,0.02342558298220728,0.8912020456354067,True,True
robot2,191,1722894296198481286,477144.9063932352,4428490.904083079,1630.5741424729745,0.004510700045332122,0.009000846000404721,0.8957127456807389,True,True
robot2,192,1722894296700280828,477144.9019366537,4428490.900315668,1630.5766136726745,0.005835623265029217,0.011629390413363,0.9015483689457681,True,True
robot2,193,1722894297199675375,477144.8993108874,4428490.901372318,1630.578123114247,0.002830398812469728,0.0056676621067467525,0.9043787677582378,True,True
robot2,194,1722894297698098268,477144.9044127592,4428490.902716886,1630.579499515503,0.005276074218477054,0.010585538165005058,0.9096548419767149,True,True
robot2,195,1722894298198841083,477144.9050828804,4428490.906655486,1630.5794082820687,0.003995200670458963,0.007978546620197379,0.9136500426471739,True,True
robot2,196,1722894298698624634,477144.9064943007,4428490.902968375,1630.5782459835575,0.003948023907682288,0.007899468033343186,0.9175980665548562,True,True
robot2,197,1722894299198505669,477144.90654263046,4428490.903819883,1630.579880278244,0.0008528786734735007,0.0017061633144180737,0.9184509452283297,True,True
robot2,198,1722894299699756314,477144.90493122966,4428490.903390605,1630.582574645329,0.0016676007781196035,0.003326879408213937,0.9201185460064493,True,True
robot2,199,1722894300199344380,477144.9108470603,4428490.904403919,1630.5826727363358,0.006001987876822587,0.012013874881507744,0.9261205338832719,True,True
robot2,200,1722894300698389219,477144.9168218479,4428490.907459129,1630.5825779929055,0.006710617738892428,0.01344692191787265,0.9328311516221643,True,True
robot2,201,1722894301198825042,477144.9178718492,4428490.905733156,1630.5835142968097,0.0020202683615319597,0.004037019746194195,0.9348514199836963,True,True
robot2,202,1722894301699972286,477144.9169739344,4428490.906258244,1630.5842400712345,0.0010401771331914483,0.0020755907498238193,0.9358915971168877,True,True
robot2,203,1722894302198749394,477144.9232280367,4428490.909954086,1630.5849147475358,0.007264505710934486,0.014564632110352208,0.9431561028278223,True,True
robot2,204,1722894302699857573,477144.91837451456,4428490.909827783,1630.5861327310042,0.004855165287369372,0.009688856782507615,0.9480112681151917,True,True
robot2,205,1722894303199109688,477144.9253801585,4428490.909590736,1630.5874413420024,0.007009653187820106,0.014040315109777978,0.9550209213030117,True,True
robot2,206,1722894303698890924,477144.9223853573,4428490.911186852,1630.5882270057457,0.0033935849356504766,0.006790138925234307,0.9584145062386622,True,True
robot2,207,1722894304198724837,477144.9423248668,4428490.907598591,1630.5900917476497,0.02025980375400459,0.04053307889968374,0.9786743099926668,True,True
robot2,208,1722894304697301969,477145.17154053744,4428490.883066741,1630.5850898623123,0.23052469579903997,0.46236495273670025,1.2091990057917068,False,True
robot2,209,1722894305203743829,477145.4708047829,4428490.85379339,1630.584124499279,0.3006925633559607,0.5937359162657223,1.5098915691476675,False,True
robot2,210,1722894305699248218,477145.69455170434,4428490.78752915,1630.594268067356,0.23335302521050422,0.4709403891709933,1.7432445943581718,False,True
robot2,211,1722894306199807088,477145.84777983767,4428490.681150767,1630.5889562518446,0.18653477213546762,0.3726530276346706,1.9297793664936393,False,True
robot2,212,1722894306698666650,477145.99070432567,4428490.530866969,1630.5893313031956,0.20739486277120375,0.41573770532970317,2.137174229264843,False,True
robot2,213,1722894307200001899,477146.1172271075,4428490.343935503,1630.59330040625,0.22572414041017325,0.4502462084283642,2.3628983696750163,False,True
robot2,214,1722894307699244209,477146.2095249146,4428490.075518277,1630.6050083761425,0.2838427249207319,0.5685467479343954,2.646741094595748,False,True
robot2,215,1722894308198117032,477146.273217976,4428489.63011578,1630.5945650534013,0.4499335394790202,0.9019004008609213,3.0966746340747684,False,True
robot2,216,1722894308700266117,477146.2025260471,4428489.246635775,1630.629255594525,0.3899413584289215,0.776544963418771,3.48661599250369,False,True
robot2,217,1722894309199738581,477145.93060588953,4428488.767458441,1630.6436305384564,0.5509550706347198,1.103073623389447,4.03757106313841,False,True
robot2,218,1722894309698327993,477145.4555364735,4428488.381680363,1630.6390661261266,0.6119768585773112,1.2274168067377653,4.649547921715721,False,True
robot2,219,1722894310198107018,477144.9035559523,4428488.244640159,1630.6743888629164,0.5687376487634632,1.1379777729878309,5.218285570479184,False,True
robot2,220,1722894310703034710,477144.4215464821,4428488.205617428,1630.6886357112014,0.48358649998990877,0.95773472202,5.701872070469093,False,True
robot2,221,1722894311198874809,477143.88959821087,4428488.153562203,1630.7037804846204,0.5344892044439886,1.077946251105921,6.236361274913081,False,True
robot2,222,1722894311698778581,477143.0976358492,4428488.09231998,1630.725566391444,0.794326754012836,1.5889596087193378,7.030688028925917,False,True
robot2,223,1722894312198359246,477142.3851802521,4428488.02596212,1630.7464289934967,0.715539197740088,1.4322797295008822,7.746227226666005,False,True
robot2,224,1722894312697792506,477141.692667129,4428487.9777433975,1630.749274643868,0.6941897945490028,1.3899550223943193,8.440417021215008,False,True
robot2,225,1722894313200585145,477140.9852211186,4428487.943266642,1630.7822969702197,0.708285609231856,1.4087033375505833,9.148702630446865,False,True
robot2,226,1722894313698982132,477140.2268835304,4428488.006685853,1630.7566933845408,0.760984818509843,1.526864422668796,9.909687448956708,False,False
robot2,227,1722894314201437766,477139.4901997961,4428488.172205377,1630.7752804392092,0.7550494270619589,1.5027190820207361,10.664736876018667,False,False
robot2,228,1722894314698029473,477138.7158275538,4428488.411842592,1630.7753846785563,0.8106037035877228,1.6323340279110856,11.47534057960639,False,False
robot2,229,1722894315197699614,477137.967704711,4428488.656257406,1630.780658809735,0.787036459856711,1.5751124035307544,12.262377039463102,False,False
robot2,230,1722894315697392620,477137.1625083975,4428488.930853799,1630.7736551579812,0.8507316159878265,1.7025080431536406,13.113108655450928,False,False
robot2,231,1722894316198190263,477136.3546232659,4428489.177422884,1630.783419825804,0.8446743156097539,1.6866575738987866,13.957782971060682,False,False
robot2,232,1722894316700060693,477135.5718009023,4428489.286242249,1630.7700045879656,0.7903496107826429,1.5748089468597954,14.748132581843326,False,False
robot2,233,1722894317200643527,477134.815963365,4428489.37069069,1630.772413082696,0.7605405458964749,1.5193097788841232,15.508673127739801,False,False
robot2,234,1722894317697063112,477133.9967233382,4428489.458393694,1630.7939637707989,0.8239211360131878,1.659727018884298,16.332594263752988,False,False
robot2,235,1722894318200226016,477133.1773985375,4428489.327150265,1630.8063280445608,0.8297698275510321,1.6491078576739795,17.16236409130402,False,False
robot2,236,1722894318698691263,477132.4134415102,4428489.061326975,1630.8164184135735,0.8088834038387467,1.6227476706554793,17.971247495142766,False,False
robot2,237,1722894319200392474,477131.610150917,4428488.891387683,1630.817876704952,0.8210695097793113,1.6365710234133481,18.792317004922076,False,False
robot2,238,1722894319700421530,477130.8082329192,4428488.877898986,1630.841656244079,0.8020314334152072,1.6039695572915782,19.594348438337285,False,False
robot2,239,1722894320198534684,477129.98633610574,4428488.8561769705,1630.8432558953043,0.8221838103201533,1.6505964587859594,20.41653224865744,False,False
robot2,240,1722894320699011328,477129.1695173985,4428488.83331759,1630.8856301325998,0.8171385144130255,1.632720723548049,21.233670763070464,False,False
robot2,241,1722894321198727819,477128.3327111828,4428488.821777998,1630.8836234910316,0.8368857776416672,1.6747210540956854,22.070556540712133,False,False
robot2,242,1722894321701011047,477127.5783242204,4428488.767361346,1630.907003077834,0.7563470507056975,1.5058182452424376,22.82690359141783,False,False
robot2,243,1722894322198319419,477126.8106830716,4428488.73140124,1630.9204135207858,0.7684829617130553,1.5452842110171736,23.595386553130886,False,False
robot2,244,1722894322696746036,477126.055412167,4428488.6742669735,1630.941305378109,0.7574288506767666,1.519640199387035,24.352815403807654,False,False
robot2,245,1722894323199119409,477125.3288578395,4428488.557354848,1630.939131987905,0.7359005611355901,1.4648476167433595,25.088715964943244,False,False
robot2,246,1722894323698609049,477124.50960904337,4428488.443411992,1630.9699324228093,0.827134550371942,1.655958893392132,25.915850515315185,False,False
robot2,247,1722894324200121234,477123.7000331768,4428488.350114275,1630.976160110299,0.8149340757028345,1.6249533530893592,26.73078459101802,False,False
robot2,248,1722894324702134362,477122.9333146027,4428488.263436804,1630.9865592351528,0.7716024597427499,1.5370169872690878,27.502387050760767,False,False
robot2,249,1722894325198988351,477122.168166211,4428488.313756749,1631.0100943225943,0.7668012508154012,1.5433135601231698,28.26918830157617,False,False
robot2,250,1722894325699231234,477121.4228119505,4428488.295886582,1631.0185254962987,0.7455684519296303,1.4904127166957584,29.0147567535058,False,False
robot2,251,1722894326198918146,477120.6695417578,4428488.237024348,1631.0223348815102,0.755566506513595,1.512079706759917,29.770323260019396,False,False
robot2,252,1722894326698609590,477119.87957683584,4428488.202823085,1631.0489423376746,0.7907049413836205,1.5823862582603807,30.561028201403015,False,False
robot2,253,1722894327197799357,477119.1369772045,4428488.162090369,1631.067767054535,0.7437159179365882,1.4898458221286281,31.304744119339603,False,False
robot2,254,1722894327700278923,477118.3869126541,4428488.032528747,1631.0794533435817,0.7611721511150777,1.5148320886557367,32.06591627045468,False,False
robot2,255,1722894328201868709,477117.5620737826,4428487.950120203,1631.099231998255,0.8289453130239556,1.6526359870129712,32.89486158347864,False,False
robot2,256,1722894328699573520,477116.7719805664,4428487.847016709,1631.1040614579415,0.7967920813260772,1.6009332649306192,33.69165366480471,False,False
robot2,257,1722894329198531608,477116.0315838421,4428487.769969123,1631.125284481515,0.7443948144120828,1.4918984144874414,34.436048479216794,False,False
robot2,258,1722894329698710503,477115.20746668,4428487.722990877,1631.1494860974817,0.8254550578828633,1.6503199153717978,35.26150353709966,False,False
robot2,259,1722894330201568707,477114.3814109244,4428487.655921309,1631.1397688244228,0.8287740573825471,1.6481261063038681,36.0902775944822,False,False
robot2,260,1722894330699182884,477113.6383492826,4428487.593325764,1631.156660931897,0.7456935066281588,1.4985383172529125,36.83597110111036,False,False
robot2,261,1722894331200149748,477112.85550049145,4428487.529120344,1631.166856357153,0.7854772853532324,1.5679221285404414,37.62144838646359,False,False
robot2,262,1722894331701659320,477112.1230059859,4428487.428683711,1631.1713066024413,0.7393481708799535,1.4742451050326375,38.36079655734355,False,False
robot2,263,1722894332200675138,477111.3332597738,4428487.332327071,1631.1929594266355,0.7956027160335253,1.5943444741267914,39.156399273377076,False,False
robot2,264,1722894332701002899,477110.5443521572,4428487.2644754825,1631.2004893417757,0.7918200966760051,1.5826018041067618,39.94821937005308,False,False
robot2,265,1722894333200141468,477109.81070929446,4428487.198718798,1631.22234404572,0.7365838659598039,1.4757101039582587,40.68480323601288,False,False
robot2,266,1722894333698896070,477109.0333175811,4428487.1336651705,1631.2477968498868,0.78010887090937,1.5641139454563704,41.464912106922256,False,False
robot2,267,1722894334198649348,477108.1728212047,4428487.050892212,1631.2635791479515,0.8644682622300934,1.7297902217026673,42.32938036915235,False,False
robot2,268,1722894334699219952,477107.3285620678,4428486.978898584,1631.277341214102,0.847323180818779,1.6927148532662686,43.17670354997112,False,False
robot2,269,1722894335198121661,477106.4910105808,4428486.941376156,1631.2912625285546,0.8383915708101966,1.6804739867202396,44.01509512078132,False,False
robot2,270,1722894335698659935,477105.7224486008,4428486.89823744,1631.310110780458,0.7697716972804478,1.537888286174905,44.784866818061765,False,False
robot2,271,1722894336200580321,477104.8761186749,4428486.867865671,1631.3081998883674,0.8468747179141785,1.6872687658963277,45.63174153597594,False,False
robot2,272,1722894336698440791,477103.977448753,4428486.866236806,1631.2935607577654,0.8986713980331809,1.8050669241109534,46.53041293400912,False,False
robot2,273,1722894337199797189,477103.1173665624,4428486.826801835,1631.2773739377042,0.8609857673319304,1.717312934198727,47.39139870134105,False,False
robot2,274,1722894337699901416,477102.2231053622,4428486.833023452,1631.2884839710923,0.8942828426918673,1.7881930655785618,48.28568154403292,False,False
robot2,275,1722894338199313725,477101.4594321594,4428486.905266725,1631.3019036697135,0.7670826886695581,1.5359707628955936,49.05276423270248,False,False
robot2,276,1722894338704425223,477100.66402733856,4428487.11403389,1631.2859681458317,0.822345765451182,1.6280473698640203,49.87510999815366,False,False
robot2,277,1722894339202568333,477099.9696312771,4428487.280550163,1631.2773568436228,0.7140823198048154,1.43348805200368,50.58919231795848,False,False
robot2,278,1722894339699377386,477099.5583971918,4428487.469093681,1631.2699456974908,0.45239598925981744,0.9106038762186028,51.0415883072183,False,False
robot2,279,1722894340200769907,477099.16931919695,4428487.664807116,1631.249973997985,0.43552891347586686,0.8686384899557356,51.47711722069416,False,False
robot2,280,1722894340700779201,477098.7476392157,4428487.896379638,1631.2543345691197,0.48108194715198555,0.9621460016123289,51.958199167846146,False,False
robot2,281,1722894341210521967,477098.3725486124,4428488.088137763,1631.248418468674,0.4212649271793061,0.826426541769506,52.379464095025455,False,False
robot2,282,1722894341702015814,477098.0057620935,4428488.359221788,1631.2651363428704,0.45609088932203773,0.9279689394321636,52.83555498434749,False,False
robot2,283,1722894342201082906,477097.5643853253,4428488.632717043,1631.2602239908526,0.51924281993983,1.040426437792565,53.354797804287315,False,False
robot2,284,1722894342699545007,477097.1560226615,4428488.913494366,1631.2695777758497,0.4955764021258794,0.994210598039407,53.85037420641319,False,False
robot2,285,1722894343201606857,477096.6857074836,4428489.237799087,1631.2711432097344,0.5712879468333013,1.137883616941164,54.421662153246494,False,False
robot2,286,1722894343698324587,477096.1641054166,4428489.543425193,1631.264057277329,0.6045461382157414,1.2170825376900452,55.02620829146223,False,False
robot2,287,1722894344200313557,477095.71505465737,4428489.823438247,1631.276549965224,0.5292011853905574,1.0542084634199351,55.55540947685279,False,False
robot2,288,1722894344699288670,477095.3060529464,4428490.09068557,1631.2770457707811,0.48857295378986954,0.9791530959760026,56.04398243064266,False,False
robot2,289,1722894345200289678,477094.9897168922,4428490.284668194,1631.282605328199,0.37107648510682467,0.7406699717417486,56.41505891574948,False,False
robot2,290,1722894345699213573,477094.6081137592,4428490.527419347,1631.281739809422,0.4522710177339569,0.906493210371601,56.86732993348344,False,False
robot2,291,1722894346199574005,477094.171785194,4428490.809674693,1631.2650266023318,0.5196640232984412,1.038579254028632,57.38699395678188,False,False
robot2,292,1722894346699254958,477093.6948419975,4428491.113667428,1631.2511769025648,0.5655850026170502,1.1318921616215487,57.95257895939893,False,False
robot2,293,1722894347198022875,477093.2370350186,4428491.392784083,1631.2409773580362,0.5361840518118327,1.0750172626801051,58.48876301121076,False,False
robot2,294,1722894347702781269,477092.77123452735,4428491.58846611,1631.23458839535,0.5052341567519384,1.0009426267890107,58.993997167962696,False,False
robot2,295,1722894348204717454,477092.2183831639,4428491.798933831,1631.2221968826625,0.5915583587234085,1.1785523358133083,59.58555552668611,False,False
robot2,296,1722894348669588792,477091.544939866,4428491.975896037,1631.202003945804,0.6963056066893034,1.497846402220201,60.28186113337541,False,False
robot2,297,1722894349201798099,477090.9143783607,4428492.084927356,1631.189556550617,0.639918463855065,1.2023809955798614,60.921779597230476,False,False
robot2,298,1722894349701846130,477090.2580060211,4428492.186013543,1631.163137423082,0.6641107328461827,1.3280941754772209,61.58589033007666,False,False
robot2,299,1722894350201102223,477089.4864702378,4428492.330281624,1631.1460805420402,0.78490811182065,1.572155169090921,62.37079844189731,False,False
robot2,300,1722894350701305849,477088.7535883144,4428492.524529801,1631.1317141099394,0.7581874886393908,1.515757732032297,63.1289859305367,False,False
robot2,301,1722894351198592375,477088.1551954114,4428492.701520407,1631.1248040804478,0.6240190228848967,1.254848561328533,63.753004953421595,False,False
robot2,302,1722894351699444342,477087.6471360412,4428492.87790969,1631.127100385126,0.537808054046398,1.0737861445609866,64.29081300746799,False,False
robot2,303,1722894352203104477,477087.0271321231,4428493.101112947,1631.1203446875206,0.6589571702581561,1.3083367866013345,64.94977017772615,False,False
robot2,304,1722894352700502297,477086.4691507724,4428493.327293622,1631.1284773319646,0.6020804644956511,1.2104609881600066,65.55185064222181,False,False
robot2,305,1722894353200318190,477086.00717868895,4428493.582614488,1631.1335028708893,0.5278323126819449,1.0560533779234356,66.07968295490376,False,False
robot2,306,1722894353699113333,477085.6570914526,4428493.968116398,1631.1264928560388,0.5207425425774461,1.0440010598465046,66.60042549748121,False,False
robot2,307,1722894354202968100,477085.4690652434,4428494.259538491,1631.1212025166212,0.34681506861589745,0.6883231792784594,66.94724056609711,False,False
robot2,308,1722894354700064024,477085.3447658521,4428494.576450151,1631.1047649230577,0.3404164199980167,0.6848104611830866,67.28765698609513,False,False
robot2,309,1722894355199264899,477085.2796480545,4428494.885225863,1631.0827655713838,0.31556737436293597,0.6321448411572828,67.60322436045807,False,False
robot2,310,1722894355700927843,477085.2691071952,4428495.2783344295,1631.0528972515365,0.3932498628185573,0.7838929192545152,67.99647422327664,False,False
robot2,311,1722894356201420742,477085.2571504769,4428495.720017456,1631.0229826857078,0.4418448363605003,0.8828191254495441,68.43831905963714,False,False
robot2,312,1722894356697520372,477085.245029464,4428496.276655552,1630.9752666390698,0.5567700497931224,1.1222946477268485,68.99508910943025,False,False
robot2,313,1722894357200805815,477085.3204643806,4428496.98206675,1630.92548525245,0.709433142985293,1.4096040371531562,69.70452225241554,False,False
robot2,314,1722894357698707365,477085.4187641988,4428497.583853102,1630.877232076922,0.6097619769560654,1.2246640165655818,70.31428422937161,False,False
robot2,315,1722894358199528345,477085.5394361685,4428498.320673436,1630.807542556278,0.7466364097323216,1.4908245468837964,71.06092063910393,False,False
robot2,316,1722894358700693418,477085.7079862354,4428499.221450132,1630.735904075876,0.9164102693706507,1.8285594408392984,71.97733090847457,False,False
robot2,317,1722894359199352743,477085.8829725692,4428500.036915973,1630.6625856988758,0.8340292285428625,1.672543771536524,72.81136013701743,False,False
robot2,318,1722894359701421115,477086.0499311166,4428500.745210001,1630.6049876421175,0.7277057009744345,1.449415803111972,73.53906583799187,False,False
robot2,319,1722894360200436690,477086.22792892175,4428501.495058826,1630.540347870345,0.7706857199213751,1.5444114342736173,74.30975155791324,False,False
robot2,320,1722894360702205131,477086.4301028849,4428502.267623686,1630.47787445042,0.7985804745727522,1.591532175387166,75.108332032486,False,False
robot2,321,1722894361203285870,477086.63092576974,4428503.009961627,1630.4122744822237,0.769022398903748,1.5347282102407336,75.87735443138975,False,False
robot2,322,1722894361700341647,477086.8418955801,4428503.760345264,1630.339574191179,0.7794766599699109,1.5681867805407306,76.65683109135966,False,False
robot2,323,1722894362199452002,477087.0626441132,4428504.509722358,1630.2771287715657,0.7812144025744752,1.5652141918849212,77.43804549393414,False,False
robot2,324,1722894362701615353,477087.2047316572,4428505.109396125,1630.2164225066017,0.6162771273406069,1.2272441895187016,78.05432262127475,False,False
robot2,325,1722894363200721300,477087.29641187313,4428505.662440199,1630.1952455468572,0.5605916606698805,1.1231912081497555,78.61491428194464,False,False
robot2,326,1722894363698981634,477087.3405966643,4428506.384307676,1630.1363754887095,0.7232184659755113,1.4514880487895092,79.33813274792014,False,False
robot2,327,1722894364199708637,477087.3146574327,4428507.114041386,1630.062400032706,0.7301945846849084,1.4582683319615208,80.06832733260505,False,False
robot2,328,1722894364700991460,477087.231679861,4428507.831533655,1629.9799877986875,0.7222744856691775,1.4408526311800125,80.79060181827423,False,False
robot2,329,1722894365200925522,477087.116517913,4428508.386650327,1629.912111705823,0.5669363225981373,1.1340224312935476,81.35753814087236,False,False
robot2,330,1722894365701871810,477086.9321879044,4428508.976797392,1629.8371452548267,0.6182645957915305,1.2341928108823759,81.9758027366639,False,False
robot2,331,1722894366201034770,477086.7176295451,4428509.677289059,1629.7289327142437,0.7326144047827442,1.4676859731147236,82.70841714144665,False,False
robot2,332,1722894366700314368,477086.5726339121,4428510.191653973,1629.664532170697,0.5344108890904338,1.0703641749822421,83.24282803053708,False,False
robot2,333,1722894367200892326,477086.4423638865,4428510.697221431,1629.6411289930095,0.5220811562141743,1.0429563106443518,83.76490918675125,False,False
robot2,334,1722894367698134676,477086.2853776934,4428511.1655776445,1629.6177017250486,0.4939657959572157,0.993410347905353,84.25887498270846,False,False
robot2,335,1722894368199945586,477086.0508333536,4428511.693836327,1629.6057591672838,0.5779864035535308,1.1518020152408834,84.83686138626199,False,False
robot2,336,1722894368699608031,477085.7405739454,4428512.347773038,1629.593138622014,0.723805307077712,1.4485880120918204,85.5606666933397,False,False
robot2,337,1722894369199224397,477085.4266796117,4428513.052550051,1629.56575216136,0.7715181731609435,1.5442218575249926,86.33218486650064,False,False
robot2,338,1722894369699531023,477085.0788048858,4428513.816231872,1629.542273851231,0.8391821899980704,1.677335017237893,87.17136705649871,False,False
robot2,339,1722894370199876606,477084.7278038545,4428514.5951989,1629.526624009026,0.8543953156654027,1.707610779789327,88.02576237216411,False,False
robot2,340,1722894370697786682,477084.3964424266,4428515.332354492,1629.48868920113,0.8082071278129227,1.6231991542819444,88.83396949997703,False,False
robot2,341,1722894371199945685,477084.0725586144,4428516.184499674,1629.537314190475,0.911620609103564,1.8154018820769435,89.7455901090806,False,False
robot2,342,1722894371703473759,477083.907117878,4428517.007549057,1629.57592160265,0.8395123134938919,1.6672608356246692,90.5851024225745,False,False
robot2,343,1722894372198724000,477083.7792435504,4428517.937551698,1629.5999754249283,0.9387527660750923,1.8955111308081882,91.52385518864959,False,False
robot2,344,1722894372701066747,477083.71144100535,4428518.706441791,1629.6425156672628,0.7718737982018343,1.5365482502869734,92.29572898685143,False,False
robot2,345,1722894373199500796,477083.6583866401,4428519.516072074,1629.66424284945,0.8113667241606881,1.6278315995023738,93.10709571101212,False,False
robot2,346,1722894373699265109,477083.62904353184,4428520.450135296,1629.6746221677668,0.9345240078128156,1.8699298594934286,94.04161971882493,False,False
robot2,347,1722894374201107769,477083.7216758034,4428521.315850815,1629.692556803736,0.8706572786536625,1.7349205520341393,94.9122769974786,False,False
robot2,348,1722894374699530269,477083.8985473366,4428522.432646896,1629.6985043031095,1.1307152717090772,2.2685884651490977,96.04299226918768,False,False
robot2,349,1722894375204605168,477083.7588982505,4428523.270721136,1629.6696711380266,0.8496295067982162,1.6821849111854044,96.8926217759859,False,False
robot2,350,1722894375700976254,477083.6924785458,4428524.001933918,1629.7345381344287,0.7342232022469206,1.4791822178914997,97.62684497823282,False,False
robot2,351,1722894376199826818,477083.7025167913,4428524.805563078,1629.7251355178685,0.8036918520538018,1.6110865531075704,98.43053683028663,False,False
robot2,352,1722894376701469113,477083.7414995186,4428525.7833843175,1629.7322444775184,0.9785979915155614,1.950788706586227,99.40913482180218,False,False
robot2,353,1722894377202012293,477083.8123739588,4428526.693363633,1629.7173296628357,0.9127351975596785,1.823489656747474,100.32187001936187,False,False
robot2,354,1722894377701561759,477083.9012839509,4428527.57008274,1629.7035102491984,0.8812158527452288,1.7640206389521145,101.2030858721071,False,False
robot2,355,1722894378200018992,477083.970889664,4428528.510552732,1629.690619346373,0.9430422905709771,1.891923226658796,102.14612816267807,False,False
robot2,356,1722894378699918950,477083.9539810618,4428529.355027914,1629.679164091835,0.8446444420344278,1.689627268436199,102.99077260471249,False,False
robot2,357,1722894379200673305,477083.9610914562,4428530.121549938,1629.6758882392708,0.7665550017575945,1.5307997364644887,103.75732760647008,False,False
robot2,358,1722894379703593402,477083.9670633781,4428530.99640098,1629.662523166151,0.8748714249807686,1.739583159800198,104.63219903145085,False,False
robot2,359,1722894380200012709,477083.9850744184,4428531.909717265,1629.6545115825115,0.913493860271361,1.8401662872216187,105.54569289172221,False,False
robot2,360,1722894380700220284,477083.9993376748,4428532.757098509,1629.63658623849,0.8475012766166475,1.6942996758462547,106.39319416833887,False,False
robot2,361,1722894381198599913,477084.022484699,4428533.545091383,1629.6160669066985,0.7883327688577099,1.581790711228258,107.18152693719658,False,False
robot2,362,1722894381701296148,477084.0465802274,4428534.402864477,1629.5822807555392,0.8581114580480741,1.7070185447847572,108.03963839524465,False,False
robot2,363,1722894382200082658,477084.0744581432,4428535.258841574,1629.5517671413493,0.8564309485767803,1.7170284801840976,108.89606934382144,False,False
robot2,364,1722894382700805092,477084.0945515112,4428536.051362628,1629.524579403385,0.7927757339581681,1.5832639419077397,109.6888450777796,False,False
robot2,365,1722894383199077885,477084.12765783217,4428536.789784474,1629.498150503861,0.7391636161257553,1.4834520922561243,110.42800869390535,False,False
robot2,366,1722894383699349880,477084.16178532894,4428537.571879762,1629.4575032331763,0.7828395272546423,1.5648284226038394,111.21084822115999,False,False
robot2,367,1722894384200052723,477084.1910130009,4428538.334213922,1629.437139117441,0.7628942440891334,1.5236459482472646,111.97374246524913,False,False
robot2,368,1722894384701682868,477084.2261152829,4428539.061542165,1629.4174437346262,0.7281748033513209,1.4516164479848568,112.70191726860045,False,False
robot2,369,1722894385205305546,477084.2592646796,4428539.792245767,1629.3925600763002,0.7314551496252923,1.452387658032331,113.43337241822574,False,False
robot2,370,1722894385699758866,477084.2930289235,4428540.43908884,1629.378223436223,0.6477236951039302,1.3099798037545898,114.08109611332968,False,False
robot2,371,1722894386199645614,477084.3328863207,4428541.164792716,1629.3521039751552,0.7267975832908247,1.4539237836172454,114.8078936966205,False,False
robot2,372,1722894386701533740,477084.3815711568,4428542.018267612,1629.3241643105307,0.8548623351455827,1.7032929111419322,115.66275603176608,False,False
robot2,373,1722894387200991047,477084.3689896101,4428542.842927601,1629.3050666231486,0.8247559597417415,1.651304837266484,116.48751199150782,False,False
robot2,374,1722894387703389723,477084.3793970088,4428543.681027048,1629.291167238235,0.8381640633799415,1.6683244093932328,117.32567605488775,False,False
robot2,375,1722894388200643821,477084.39399365167,4428544.514314628,1629.272717680103,0.8334154143422298,1.676035167245118,118.15909146922998,False,False
robot2,376,1722894388701521317,477084.4076307144,4428545.292016163,1629.247300708436,0.7778210886706791,1.5529164400482018,118.93691255790065,False,False
robot2,377,1722894389201051442,477084.42185100814,4428546.0164713375,1629.2286075688066,0.7245947262597839,1.4505527487746008,119.66150728416044,False,False
robot2,378,1722894389700674220,477084.44305805885,4428546.74534183,1629.2139903806014,0.7291789449325173,1.4594588419600572,120.39068622909295,False,False
robot2,379,1722894390200992893,477084.4746095349,4428547.561589202,1629.1900324119304,0.8168569445544254,1.6326737870182744,121.20754317364738,False,False
robot2,380,1722894390699405853,477084.50925930106,4428548.400877463,1629.1587913999638,0.8400032089173777,1.685355446351006,122.04754638256476,False,False
robot2,381,1722894391198107474,477084.5427746485,4428549.233453473,1629.1397314195997,0.833250317473246,1.670839563293936,122.880796700038,False,False
robot2,382,1722894391704019849,477084.5735809796,4428550.063338822,1629.103972640133,0.8304569356591794,1.6415029598058763,123.71125363569719,False,False
robot2,383,1722894392201160915,477084.5980689537,4428550.836431771,1629.087545962891,0.7734806839280308,1.555858124327186,124.48473431962522,False,False
robot2,384,1722894392700005560,477084.5677238581,4428551.661482725,1629.062106958416,0.8256088072995671,1.6550420076660888,125.31034312692479,False,False
robot2,385,1722894393201786570,477084.5471476534,4428552.532525945,1629.034880634682,0.8712862168028409,1.7363874673366633,126.18162934372764,False,False
robot2,386,1722894393705749036,477084.5628049744,4428553.383918721,1629.007595525666,0.8515367345805178,1.6896826772225217,127.03316607830816,False,False
robot2,387,1722894394201070671,477084.6033754685,4428554.188691792,1628.9855725089749,0.8057950487307559,1.6268121388782562,127.83896112703891,False,False
robot2,388,1722894394699809480,477084.6560795094,4428555.000283355,1628.9714375969618,0.8133010394428998,1.6307147279432317,128.65226216648182,False,False
robot2,389,1722894395200037912,477084.690661577,4428555.756990294,1628.943222334976,0.7574967399584412,1.5143017317465004,129.40975890644026,False,False
robot2,390,1722894395699319703,477084.7030317397,4428556.532564718,1628.9202900729742,0.7756730680898062,1.5535774361701444,130.18543197453008,False,False
robot2,391,1722894396201993075,477084.7078813797,4428557.333747862,1628.8993543338115,0.8011978211690901,1.593874314928921,130.98662979569917,False,False
robot2,392,1722894396702626533,477084.7284720455,4428558.211334294,1628.873003941335,0.8778279562648965,1.7534343877341607,131.86445775196407,False,False
robot2,393,1722894397199823055,477084.74622677686,4428558.999944936,1628.8511318022977,0.788810480987567,1.586516004001199,132.65326823295163,False,False
robot2,394,1722894397700922199,477084.7612039208,4428559.639713176,1628.828776571261,0.6399435254830743,1.2770803572374596,133.2932117584347,False,False
robot2,395,1722894398200188195,477084.78039547015,4428560.318949549,1628.8142245294305,0.6795074445110356,1.3610124534961108,133.97271920294574,False,False
robot2,396,1722894398702533512,477084.804634332,4428561.115734951,1628.8008648860489,0.7971539988977491,1.5868638228908654,134.7698732018435,False,False
robot2,397,1722894399200635563,477084.83462993335,4428561.985374451,1628.7795609892116,0.8701566503432684,1.7469448792194548,135.64002985218676,False,False
robot2,398,1722894399702823623,477084.8591755437,4428562.864965732,1628.7494150884656,0.8799336960953665,1.7521998801077991,136.51996354828213,False,False
robot2,399,1722894400200951281,477084.84300817177,4428563.647351124,1628.7263403848622,0.7825524172281871,1.570987557927254,137.3025159655103,False,False
robot2,400,1722894400706596498,477084.7847275921,4428564.413858607,1628.7068362112366,0.7687199409393657,1.5202751390548725,138.0712359064497,False,False
robot2,401,1722894401198113234,477084.71946681,4428565.148871779,1628.6825142122211,0.73790469082132,1.5012813517516388,138.809140597271,False,False
robot2,402,1722894401701189265,477084.6567232452,4428565.879948685,1628.6790774230628,0.7337644013455477,1.4585555457923047,139.54290499861656,False,False
robot2,403,1722894402201097763,477084.6012496788,4428566.674651953,1628.6467425312055,0.7966370575415377,1.5935659057152254,140.3395420561581,False,False
robot2,404,1722894402701966935,477084.5389172821,4428567.47386904,1628.6320492557609,0.8016441097484556,1.6005064249874625,141.14118616590656,False,False
robot2,405,1722894403203626190,477084.4747210233,4428568.343229904,1628.619694464176,0.8717278656662588,1.7376887132792609,142.01291403157282,False,False
robot2,406,1722894403701583782,477084.488509847,4428569.252463743,1628.5973615343244,0.9093383892145666,1.8261357891110126,142.92225242078737,False,False
robot2,407,1722894404200912908,477084.6311189919,4428570.12517843,1628.5835592187625,0.884289711205097,1.7709557258027995,143.80654213199247,False,False
robot2,408,1722894404701375913,477084.89269164455,4428570.973961174,1628.5704040448934,0.8881736305450668,1.7747038538005901,144.69471576253753,False,False
robot2,409,1722894405201342286,477085.0898466673,4428571.879549538,1628.537408472013,0.9268011590552071,1.8537278356468931,145.62151692159273,False,False
robot2,410,1722894405698955624,477085.2091701168,4428572.584165481,1628.5247735419782,0.7146479643286237,1.4361508777914505,146.33616488592136,False,False
robot2,411,1722894406202222785,477085.3804652336,4428573.388134843,1628.5030325493287,0.8220150556857762,1.6333568164399057,147.15817994160713,False,False
robot2,412,1722894406701135643,477085.48945093976,4428574.270957175,1628.475617164621,0.88952411658118,1.782924985029528,148.04770405818832,False,False
robot2,413,1722894407202786396,477085.6338664707,4428575.173744329,1628.4657020438826,0.9142650009625929,1.8225136226595569,148.9619690591509,False,False
robot2,414,1722894407700741547,477085.7658839408,4428575.981549344,1628.4637937935574,0.8185215661795525,1.643765072045816,149.78049062533046,False,False
robot2,415,1722894408201198644,477085.9165151057,4428576.859547968,1628.4364371123463,0.8908262072814408,1.7800252990756265,150.6713168326119,False,False
robot2,416,1722894408697620856,477086.0829790954,4428577.734003483,1628.4117269248195,0.8901588106058558,1.7931492090893686,151.56147564321776,False,False
robot2,417,1722894409199294793,477086.2188444558,4428578.507663424,1628.3871964562975,0.7854992680864429,1.5657558367948847,152.34697491130422,False,False
robot2,418,1722894409701648669,477086.3758777248,4428579.268471748,1628.3579675137244,0.7768453853217616,1.546410558506238,153.12382029662598,False,False
robot2,419,1722894410199842891,477086.541951368,4428580.0896436535,1628.3535656759764,0.8377969646124442,1.6816673796631825,153.96161726123842,False,False
robot2,420,1722894410699830425,477086.71428585326,4428580.881297858,1628.3329687508012,0.8101947636409867,1.6204297066989868,154.7718120248794,False,False
robot2,421,1722894411201748302,477086.9069643624,4428581.68844444,1628.303117319703,0.829825651832414,1.6533105250503166,155.60163767671182,False,False
robot2,422,1722894411699261736,477087.1742934984,4428582.533788813,1628.3023872094157,0.8866070019700759,1.7820761523168611,156.4882446786819,False,False
robot2,423,1722894412201093263,477087.4393059383,4428583.3394237375,1628.2704622296046,0.8481033099932292,1.6900151819586056,157.33634798867513,False,False
robot2,424,1722894412699266937,477087.7676124882,4428584.156536573,1628.2480354738186,0.8806012582386513,1.7676598654100009,158.21694924691377,False,False
robot2,425,1722894413199514790,477088.15484782297,4428584.9667553855,1628.222210401654,0.8980009628493043,1.7951117106931531,159.11495020976307,False,False
robot2,426,1722894413699634622,477088.52038300806,4428585.689243657,1628.1729364641678,0.8096945556049611,1.6190007953415173,159.92464476536801,False,False
robot2,427,1722894414201697270,477088.8580620836,4428586.328280591,1628.1622148817078,0.7227692315858375,1.439599943165341,160.64741399695384,False,False
robot2,428,1722894414702596339,477089.2459562704,4428587.063967637,1628.1378856500626,0.8316834306833335,1.6603812419821329,161.47909742763719,False,False
robot2,429,1722894415199676013,477089.52614507487,4428587.762017927,1628.1125052224993,0.7521834709797823,1.51320596414814,162.23128089861697,False,False
robot2,430,1722894415698387148,477089.77798541816,4428588.34958362,1628.0983915705294,0.6392628584435811,1.281829381957448,162.87054375706055,False,False
robot2,431,1722894416201958684,477090.0914699599,4428589.025098596,1628.084781356664,0.744710037604218,1.478856572204541,163.61525379466477,False,False
robot2,432,1722894416700832919,477090.3954887718,4428589.6793185165,1628.0625081137066,0.7214091368247348,1.4460735996649507,164.3366629314895,False,False
robot2,433,1722894417200802684,477090.6688667007,4428590.278476356,1628.044776904808,0.6585784753282817,1.3172373484439441,164.9952414068178,False,False
robot2,434,1722894417701809880,477090.9510056316,4428590.883467134,1628.0335028832262,0.6675449186156054,1.3324055237727968,165.66278632543342,False,False
robot2,435,1722894418199685555,477091.2471177356,4428591.52680467,1628.040218272002,0.7082129361684012,1.4224694029824463,166.3709992616018,False,False
robot2,436,1722894418701308673,477091.42500325065,4428591.875907163,1628.0277512001956,0.39181093315484394,0.7810862203535688,166.76281019475667,False,False
robot2,437,1722894419199234976,477091.5281711122,4428592.077471826,1628.0263480917577,0.2264330387956684,0.45475217570165644,166.98924323355234,False,False
robot2,438,1722894419699612804,477091.6321139244,4428592.278366633,1628.0269030062195,0.22619202353292825,0.45204239934410795,167.21543525708526,False,False
robot2,439,1722894420201031060,477091.7082683359,4428592.435977553,1628.0228833739018,0.1750448416043728,0.3490993914798135,167.39048009868964,False,False
robot2,440,1722894420702272853,477091.7324390568,4428592.476011347,1628.021832634882,0.04676460639317285,0.09329756509393042,167.4372447050828,True,False
robot2,441,1722894421201884552,477091.72886772937,4428592.475615757,1628.0217547426803,0.003593170102129603,0.0071919197967299855,167.44083787518494,True,False
robot2,442,1722894421700758185,477091.7306316046,4428592.478157566,1628.0208107721596,0.0030938730778846805,0.006201718973261207,167.44393174826283,True,False
robot2,443,1722894422199542729,477091.7293232662,4428592.476043083,1628.0207847084089,0.002486521355218996,0.0049851612177699315,167.44641826961805,True,False
robot2,444,1722894422702064786,477091.72781305714,4428592.474317546,1628.020437808433,0.0022930783975561144,0.004563138225505627,167.4487113480156,True,False
robot2,445,1722894423205957420,477091.7297153853,4428592.478049843,1628.0182067907226,0.004189139605984845,0.00831355945315762,167.45290048762158,True,False
robot2,446,1722894423701287583,477091.7277249063,4428592.475567201,1628.019946650488,0.0031820615090722704,0.006424120011469123,167.45608254913066,True,False
robot2,447,1722894424202179485,477091.72807702055,4428592.4770304095,1628.0193807357955,0.0015049794428999732,0.0030045991382108127,167.45758752857355,True,False
robot2,448,1722894424699832994,477091.728882808,4428592.476985995,1628.0187753667117,0.0008070105875774264,0.0016216315427599877,167.45839453916113,True,False
robot2,449,1722894425201439140,477091.7276657865,4428592.475275792,1628.0190148151048,0.002099031694112123,0.004184622485009304,167.46049357085525,True,False
robot2,450,1722894425699236999,477091.7318644325,4428592.475245983,1628.0172468415578,0.004198751812828353,0.008434650399514737,167.46469232266807,True,False
robot2,451,1722894426200856477,477091.730032959,4428592.47607917,1628.0178790332743,0.0020120871243421547,0.004011181411100004,167.4667044097924,True,False
robot2,452,1722894426700518971,477091.7281136851,4428592.478301059,1628.0176068661829,0.0029360529055675426,0.005876076148002284,167.46964046269798,True,False
robot2,453,1722894427199356761,477091.72887372575,4428592.474626471,1628.0165230637722,0.003752367250927953,0.00752222051384024,167.47339282994892,True,False
robot2,454,1722894427702711237,477091.7240174452,4428592.474413451,1628.017486508508,0.004860950395644402,0.00965710570993822,167.47825378034457,True,False
robot2,455,1722894428200739113,477091.7259073352,4428592.474625535,1628.016895589032,0.0019017528898908585,0.003818567726763044,167.48015553323447,True,False
robot2,456,1722894428700170210,477091.7263237317,4428592.476236122,1628.0170889721849,0.0016635428127008212,0.003330875273649804,167.48181907604717,True,False
robot2,457,1722894429202155114,477091.72864021134,4428592.47873054,1628.0169862619323,0.0034041444362232238,0.006781369079514434,167.4852232204834,True,False
robot2,458,1722894429698334431,477091.7261611684,4428592.475937224,1628.0180876191237,0.0037347378659598487,0.0075269918511205024,167.48895795834935,True,False
robot2,459,1722894430198672634,477091.72614116926,4428592.473750644,1628.0179434370916,0.002186671087263686,0.004370387115032822,167.4911446294366,True,False
robot2,460,1722894430702145171,477091.7261355986,4428592.475899143,1628.016728223635,0.002148506002827145,0.0042673725003442246,167.49329313543944,True,False
robot2,461,1722894431212093956,477091.72600636975,4428592.474632899,1628.0169124216548,0.0012728211311064377,0.0024959786250206913,167.49456595657054,True,False
robot2,462,1722894431698349041,477091.7271268819,4428592.477318818,1628.0159386532562,0.0029102758460269064,0.005985082440309683,167.49747623241657,True,False
robot2,463,1722894432200412609,477091.7273447887,4428592.473798594,1628.0175712800203,0.0035269612356375736,0.00702492706765271,167.50100319365222,True,False
robot2,464,1722894432704952903,477091.7258003765,4428592.47604096,1628.017513346826,0.0027227584792697376,0.005396516945343847,167.5037259521315,True,False
robot2,465,1722894433201705887,477091.7253044653,4428592.4749931535,1628.0154036675024,0.001159235551903207,0.0023336246551723316,167.5048851876834,True,False
robot2,466,1722894433705219786,477091.726143496,4428592.476301157,1628.016618468902,0.0015539773320069603,0.003086265543918538,167.50643916501542,True,False
robot2,467,1722894434200135387,477091.7253932669,4428592.475621844,1628.015878471703,0.0010120820871038884,0.002044958441270967,167.50745124710252,True,False
robot2,468,1722894434700984545,477091.7246349488,4428592.475043379,1628.01618521592,0.0009537651497686857,0.0019042967710179342,167.5084050122523,True,False
robot2,469,1722894435200636317,477091.7261372151,4428592.477160585,1628.0164140404352,0.0025960290143035017,0.005195675165439021,167.5110010412666,True,False
robot2,470,1722894435699630784,477091.72470303415,4428592.476743901,1628.016013252762,0.0014934860245952842,0.0029929918511066756,167.5124945272912,True,False
robot2,471,1722894436201110847,477091.7249703736,4428592.475141601,1628.0164828310974,0.0016244497829316154,0.0032393105423461537,167.51411897707413,True,False
robot2,472,1722894436700859132,477091.7263484185,4428592.475219286,1628.0164091423212,0.0013802328574350651,0.0027618564201598223,167.51549920993156,True,False
robot2,473,1722894437201426097,477091.7261589389,4428592.474075632,1628.0172409076426,0.0011592440274107091,0.0023158609523483325,167.51665845395897,True,False
robot2,474,1722894437701430311,477091.7239294965,4428592.477307336,1628.015952118695,0.0039261082172636136,0.007852152783157505,167.52058456217623,True,False
robot2,475,1722894438200681581,477091.7256607065,4428592.476873992,1628.0145310446587,0.0017846219663863825,0.003574597770547657,167.5223691841426,True,False
robot2,476,1722894438701944342,477091.72601265815,4428592.473497996,1628.0153165916424,0.0033942920169926895,0.006771480584803962,167.5257634761596,True,False
robot2,477,1722894439201325478,477091.7252621729,4428592.476063067,1628.015156211447,0.0026726049541355426,0.005351832224928957,167.52843608111374,True,False
robot2,478,1722894439701344643,477091.7258971775,4428592.474903678,1628.015695131974,0.0013218981774224677,0.0026436955058647617,167.52975797929116,True,False
robot2,479,1722894440202515234,477091.7258619321,4428592.476442276,1628.0150423874195,0.001539001616844215,0.003070815089350955,167.531296980908,True,False
robot2,480,1722894440701180185,477091.72571442806,4428592.476289028,1628.0148163597246,0.00021270205629066914,0.0004265429016181654,167.5315096829643,True,False
robot2,481,1722894441198649766,477091.7271486031,4428592.476414432,1628.0146552890467,0.0014396472339713508,0.00289393975000466,167.53294933019828,True,False
robot2,482,1722894441700424357,477091.72691126354,4428592.475108999,1628.015462245574,0.0013268328341851932,0.0026442808539193013,167.53427616303247,True,False
robot2,483,1722894442211655758,477091.7242516447,4428592.475469824,1628.0154748485763,0.0026839834581155356,0.005250038616747241,167.5369601464906,True,False
robot2,484,1722894442701322099,477091.7264762279,4428592.474705458,1628.0152343623477,0.0023522385776079857,0.004803756761830688,167.5393123850682,True,False
robot2,485,1722894443199939879,477091.7254698542,4428592.475565025,1628.017136447815,0.0013234966742269882,0.0026543317844310212,167.54063588174242,True,False
robot2,486,1722894443703532826,477091.72549280745,4428592.47658542,1628.0162826101318,0.0010206533251509657,0.002026742607687069,167.54165653506757,True,False
robot2,487,1722894444202186656,477091.7241505208,4428592.473908106,1628.0159970396928,0.0029949530227014252,0.006006072866564003,167.54465148809027,True,False
robot2,488,1722894444702360699,477091.7242260975,4428592.475087328,1628.0156561602687,0.0011816414032149493,0.002362461581028702,167.54583312949347,True,False
robot2,489,1722894445205659015,477091.7271803205,4428592.477307743,1628.0164935927803,0.0036956296267134734,0.007342818371616135,167.5495287591202,True,False
robot2,490,1722894445698212143,477091.7263597062,4428592.474624779,1628.0163631417863,0.002805655953131791,0.0056961504198109044,167.55233441507332,True,False
robot2,491,1722894446200883881,477091.725591533,4428592.477100263,1628.015391296761,0.0025919321846632048,0.0051563119403164066,167.55492634725798,True,False
robot2,492,1722894446701796566,477091.7250857668,4428592.477480157,1628.0165932218777,0.0006325494740546904,0.0012627939291309218,167.55555889673204,True,False
robot2,493,1722894447200742304,477091.7260170476,4428592.477784608,1628.016258473564,0.0009797825613871523,0.0019637048031287243,167.55653867929342,True,False
robot2,494,1722894447704021809,477091.7252450912,4428592.475333429,1628.0153181761114,0.002569862506563058,0.005106236180449276,167.5591085418,True,False
robot2,495,1722894448159683339,477091.7234624996,4428592.476027547,1628.0156002259234,0.001912964484331824,0.0041982136658242075,167.5610215062843,True,False
robot2,496,1722894448701033368,477091.7224295197,4428592.474367843,1628.0165680474993,0.0019549082155185518,0.003611171625655535,167.56297641449981,True,False
robot2,497,1722894449200544122,477091.7243111229,4428592.471817681,1628.015531630283,0.0031691889779148184,0.006344585941875822,167.56614560347774,True,False
robot2,498,1722894449698259296,477091.7249789362,4428592.478397044,1628.0157172942793,0.0066131687968250885,0.01328705955312529,167.57275877227457,True,False
robot2,499,1722894450199927524,477091.7243394546,4428592.47760246,1628.0153562293667,0.0010199511378746076,0.002033117951378,167.57377872341243,True,False
robot2,500,1722894450701386579,477091.7254440899,4428592.480055627,1628.0158850518376,0.0026903991228963073,0.005365144007957355,167.57646912253531,True,False
robot2,501,1722894451199819869,477091.72568190406,4428592.478830372,1628.0148759877368,0.001248121163355612,0.0025040883792338577,167.57771724369866,True,False
robot2,502,1722894451701551220,477091.7235113206,4428592.477056442,1628.01664782753,0.0028032589564765753,0.005587170706042407,167.58052050265513,True,False
robot2,503,1722894452200851037,477091.72404270055,4428592.479267423,1628.0157803065774,0.0022739398786702945,0.004554257862190048,167.5827944425338,True,False
robot2,504,1722894452698839205,477091.7244203075,4428592.481408834,1628.0172618534548,0.002174449323871464,0.004366467355947907,167.58496889185767,True,False
robot2,505,1722894453201272237,477091.7246273511,4428592.4774811175,1628.0172690536026,0.003933170193387293,0.007828247171601724,167.58890206205106,True,False
robot2,506,1722894453701644968,477091.7249179496,4428592.479213093,1628.0169548026624,0.0017561856740474812,0.0035097538673169912,167.59065824772512,True,False
robot2,507,1722894454200907483,477091.7241856301,4428592.479812302,1628.0176598785777,0.000946225345455687,0.0018952468132908305,167.59160447307056,True,False
robot2,508,1722894454701968205,477091.72388754296,4428592.477925714,1628.017250181985,0.0019099917997849388,0.003811896856636996,167.59351446487034,True,False
robot2,509,1722894455199140042,477091.7235492794,4428592.479033887,1628.0175952742911,0.0011586501922688783,0.0023304821564550378,167.59467311506262,True,False
robot2,510,1722894455701595737,477091.7229264812,4428592.480503809,1628.0181538769102,0.0015964166884335966,0.003177230171407918,167.59626953175106,True,False
robot2,511,1722894456201248725,477091.72575453966,4428592.48000189,1628.0182223373654,0.0028722529159373425,0.005748491382979637,167.599141784667,True,False
robot2,512,1722894456709811933,477091.7242329737,4428592.481009833,1628.0184750521903,0.0018251331439576217,0.0035888041291857685,167.60096691781098,True,False
robot2,513,1722894457201228840,477091.7225730549,4428592.478600548,1628.0184978531129,0.0029257450929009356,0.0059536920839097585,167.6038926629039,True,False
robot2,514,1722894457701379752,477091.7234947085,4428592.4797721375,1628.0185468732957,0.001490660275088938,0.0029804209461153706,167.60538332317898,True,False
robot2,515,1722894458201379006,477091.7373390341,4428592.508350001,1628.0174155032958,0.031754678694904725,0.0635094482408039,167.6371380018739,True,False
robot2,516,1722894458701956585,477091.858394027,4428592.753328308,1628.0187421816315,0.2732557091278928,0.5458809805312684,167.91039371100177,False,False
robot2,517,1722894459201570105,477091.9938016746,4428593.031872811,1628.0100361880384,0.30971320734506047,0.6199055725828998,168.22010691834683,False,False
robot2,518,1722894459700514395,477092.1563099427,4428593.278871798,1628.0056969181346,0.2956643990623905,0.5925799922230456,168.51577131740922,False,False
robot2,519,1722894460199317073,477092.36937616096,4428593.541704939,1628.0031377786015,0.33834667614080904,0.6783177035481065,168.85411799355003,False,False
robot2,520,1722894460700868624,477092.6418582277,4428593.799430135,1628.002204875354,0.3750583332502623,0.7477960637103468,169.22917632680029,False,False
robot2,521,1722894461201341075,477092.8965339508,4428594.026552783,1628.002922448085,0.3412395367573659,0.6818346775287175,169.57041586355766,False,False
robot2,522,1722894461699723880,477093.20537153824,4428594.268952256,1628.0040081014156,0.3926043298161932,0.7877569456504206,169.96302019337384,False,False
robot2,523,1722894462203105711,477093.47142036434,4428594.500025748,1628.0042898032352,0.35238748086610283,0.700039937038293,170.31540767423994,False,False
robot2,524,1722894462701670117,477093.8264116993,4428594.797828766,1627.998596411613,0.46336323226315385,0.9293947909214082,170.7787709065031,False,False
robot2,525,1722894463201383119,477094.1923546828,4428595.106960177,1627.9933092614567,0.47903705174250377,0.9586244612327169,171.2578079582456,False,False
robot2,526,1722894463702164396,477094.62096128217,4428595.454491055,1627.985934492906,0.5517982671813645,1.1018747499829158,171.80960622542696,False,False
robot2,527,1722894464199257594,477095.1003431559,4428595.805709733,1627.9650325199912,0.5942739609681871,1.1954980678692688,172.40388018639516,False,False
robot2,528,1722894464699899102,477095.5941754867,4428596.181225059,1627.9721407822108,0.6203886934417483,1.2391873004112681,173.0242688798369,False,False
robot2,529,1722894465202627305,477096.0730023232,4428596.51753997,1627.976163570661,0.585134906441877,1.1639189501202416,173.6094037862788,False,False
robot2,530,1722894465701693592,477096.64122565207,4428596.916723996,1627.9801135805144,0.6944246817834122,1.3914476057658538,174.3038284680622,False,False
robot2,531,1722894466202199053,477097.216862864,4428597.325130562,1627.9903105588758,0.7058003420229145,1.4101758171041654,175.0096288100851,False,False
robot2,532,1722894466700694658,477097.7010649073,4428597.649039337,1627.9816256879235,0.5825534424913501,1.1686225288341783,175.59218225257646,False,False
robot2,533,1722894467199832373,477098.1526655065,4428597.94370167,1627.9878925560108,0.5392299984332706,1.080323768015547,176.13141225100972,False,False
robot2,534,1722894467702510512,477098.7204409792,4428598.230777653,1627.9924270716383,0.6362244946279303,1.2656690675786628,176.76763674563765,False,False
robot2,535,1722894468199675628,477099.4944560791,4428598.427267105,1627.9899228656184,0.7985658894521608,1.6062392690376677,177.5662026350898,False,False
robot2,536,1722894468698036034,477100.1779864232,4428598.593734188,1627.986551389855,0.7035090766500907,1.411647239827191,178.2697117117399,False,False
robot2,537,1722894469201584061,477100.83524226944,4428598.724915679,1627.9882897209302,0.6702192409266294,1.3309933661558127,178.93993095266651,False,False
robot2,538,1722894469699184974,477101.37151932856,4428598.824311264,1627.9909747325432,0.5454104569047121,1.0960803593125457,179.48534140957122,False,False
robot2,539,1722894470200234016,477102.059284273,4428598.829296322,1627.989662204743,0.6877830105605324,1.3726860112555308,180.17312442013176,False,False
robot2,540,1722894470701721356,477102.8099204047,4428598.791368641,1627.9868706159496,0.7515937141427405,1.4987287297529337,180.92471813427449,False,False
robot2,541,1722894471200387975,477103.44779970736,4428598.798161256,1627.9799789649514,0.6379154680612008,1.2792420008754073,181.5626336023357,False,False
robot2,542,1722894471701362663,477104.1076789318,4428598.797256823,1627.9775233672065,0.6598798442430673,1.3171926992731784,182.22251344657877,False,False
robot2,543,1722894472199421486,477104.7799603568,4428598.804999014,1627.9738188191127,0.6723260042449644,1.3498928434563122,182.89483945082372,False,False
robot2,544,1722894472702286533,477105.5150056442,4428598.821721931,1627.9673607780585,0.7352354931563582,1.4620929711595827,183.63007494398008,False,False
robot2,545,1722894473201905723,477106.2772882017,4428598.831921544,1627.962784362231,0.7623507916729649,1.5258635420769597,184.39242573565303,False,False
robot2,546,1722894473699138338,477107.0061717237,4428598.850715385,1627.97097785435,0.7291257759503518,1.4663673805032567,185.1215515116034,False,False
robot2,547,1722894474201627096,477107.81000590033,4428598.87151926,1627.9576232805848,0.80410334207313,1.600241158778291,185.92565485367652,False,False
robot2,548,1722894474700998566,477108.5573072515,4428598.878008837,1627.9568511939935,0.7473295284251338,1.4965408366097412,186.67298438210165,False,False
robot2,549,1722894475199693284,477109.3218510296,4428598.902113781,1627.947024304992,0.7649236804804036,1.5338517623579926,187.43790806258204,False,False
robot2,550,1722894475697992615,477110.0840483023,4428598.944925595,1627.9525346340165,0.7633986730165612,1.5320074008038462,188.2013067355986,False,False
robot2,551,1722894476199337716,477110.8944022212,4428598.983332903,1627.9552515713983,0.8112635793293911,1.6181745306530801,189.01257031492798,False,False
robot2,552,1722894476702794512,477111.72234871617,4428599.021853047,1627.957888769978,0.8288420839074689,1.6463021909877307,189.84141239883544,False,False
robot2,553,1722894477202634845,477112.5120179769,4428599.045180208,1627.9636503062638,0.7900137326450498,1.5805324152022593,190.63142613148048,False,False
robot2,554,1722894477700269099,477113.3027392812,4428599.065491989,1627.9553573626297,0.7909821423654584,1.5894851804243864,191.42240827384595,False,False
robot2,555,1722894478199301471,477114.1158224415,4428599.059355121,1627.960255538209,0.8131063194598882,1.6293654695564972,192.23551459330582,False,False
robot2,556,1722894478700880805,477114.9341514887,4428599.037682831,1627.9526907050183,0.8186159768796489,1.6320761498439327,193.05413057018546,False,False
robot2,557,1722894479200028770,477115.7744921624,4428599.0461573135,1627.953686370195,0.8403834033986095,1.6836368905506707,193.89451397358408,False,False
robot2,558,1722894479699994979,477116.63668824895,4428599.0358082615,1627.9377702187558,0.8622581948299815,1.7246331660832188,194.75677216841407,False,False
robot2,559,1722894480200613477,477117.43139899307,4428599.02990788,1627.9404735373632,0.7947326476922562,1.5875016897978236,195.55150481610633,False,False
robot2,560,1722894480702179876,477118.2677402279,4428599.008839992,1627.936639409005,0.8366065485305584,1.667986799083299,196.3881113646369,False,False
robot2,561,1722894481201143096,477119.0789732344,4428598.9886361575,1627.9558348518124,0.8114845566740435,1.6263417636519861,197.19959592131093,False,False
robot2,562,1722894481704923532,477119.9236365877,4428598.963996083,1627.9354346384291,0.8450226705122695,1.6773624565821983,198.0446185918232,False,False
robot2,563,1722894482200761383,477120.7915120753,4428598.940332333,1627.911332621724,0.8681980390673242,1.7509722622906225,198.91281663089052,False,False
robot2,564,1722894482699567123,477121.6011469066,4428598.925399186,1627.9084072594533,0.8097725353225089,1.6234225786637626,199.72258916621303,False,False
robot2,565,1722894483199168780,477122.382516881,4428598.9269103175,1627.9144537839338,0.7813714355968978,1.5639890496787185,200.50396060180992,False,False
robot2,566,1722894483702216254,477123.2336733925,4428598.963209642,1627.9070661841042,0.851930189667317,1.6935383771446815,201.35589079147724,False,False
robot2,567,1722894484202035407,477124.0875673766,4428599.010639044,1627.9008348543,0.8552101989019634,1.711038840072668,202.2111009903792,False,False
robot2,568,1722894484701668807,477124.9671394173,4428599.044868007,1627.9008870023524,0.880237806882537,1.7617668103915332,203.09133879726176,False,False
robot2,569,1722894485201637916,477125.79245772347,4428599.072175349,1627.8889601132057,0.8257699421754132,1.6516422677235167,203.91710873943717,False,False
robot2,570,1722894485702728352,477126.5313966949,4428599.10645852,1627.8876072043722,0.7397338300125481,1.4762478849083804,204.6568425694497,False,False
robot2,571,1722894486199084493,477127.3643019149,4428599.128606561,1627.8938481796972,0.8331996406621603,1.678633124495819,205.49004221011188,False,False
robot2,572,1722894486698691754,477128.1772153001,4428599.144025216,1627.8823785340269,0.8130595960930617,1.6273972699332682,206.30310180620495,False,False
robot2,573,1722894487200313508,477129.0004769825,4428599.157496323,1627.8655356533466,0.8233718895177145,1.6414199215817968,207.12647369572267,False,False
robot2,574,1722894487698692775,477129.8410019619,4428599.166870806,1627.86591197727,0.8405772551873897,1.6866217605924592,207.96705095091005,False,False
robot2,575,1722894488199995529,477130.7056196236,4428599.169701098,1627.8414733807688,0.8646222941022405,1.7247500360941643,208.8316732450123,False,False
robot2,576,1722894488700723086,477131.5263649612,4428599.167717571,1627.8509366925873,0.8207477344098001,1.6391108409167885,209.6524209794221,False,False
robot2,577,1722894489204454124,477132.3688577362,4428599.160563491,1627.8298095531795,0.8425231491137133,1.67256557263095,210.4949441285358,False,False
robot2,578,1722894489702267453,477133.2132385458,4428599.153005079,1627.8227792445527,0.8444146382374444,1.6962479021915278,211.33935876677324,False,False
robot2,579,1722894490199691212,477134.0216446468,4428599.1507729525,1627.815807989416,0.8084091826235823,1.6251917194574161,212.14776794939684,False,False
robot2,580,1722894490702217120,477134.76135590655,4428599.165042543,1627.8048027165116,0.7398488825245761,1.4722604751086514,212.8876168319214,False,False
robot2,581,1722894491201606060,477135.5625242219,4428599.172355894,1627.8082176554265,0.8012016940935772,1.6043641355623788,213.68881852601498,False,False
robot2,582,1722894491701492123,477136.35931815865,4428599.186735227,1627.8043319618434,0.7969236744227216,1.5942099540109549,214.4857422004377,False,False
robot2,583,1722894492201240616,477137.0582431044,4428599.191726883,1627.8008639201378,0.6989427704675374,1.3985897868909982,215.18468497090524,False,False
robot2,584,1722894492701333493,477137.7536095177,4428599.201967634,1627.7912734822282,0.6954418176803189,1.3906250257033386,215.88012678858556,False,False
robot2,585,1722894493200713918,477138.4690297031,4428599.207309734,1627.7831231423577,0.7154401300792264,1.4326557501060224,216.5955669186648,False,False
robot2,586,1722894493704072089,477139.3073073802,4428599.213753037,1627.7750847596833,0.838302439478299,1.6654187140974097,217.43386935814308,False,False
robot2,587,1722894494200198711,477140.1491594376,4428599.220943755,1627.7692719375452,0.84188276679275,1.6969118034172144,218.27575212493582,False,False
robot2,588,1722894494704688553,477140.947786936,4428599.233769029,1627.7631300855408,0.7987304732207566,1.5832437384931608,219.07448259815658,False,False
robot2,589,1722894495199559654,477141.7216876256,4428599.243504442,1627.7619903254686,0.7739619213187718,1.5639665753382137,219.84844451947535,False,False
robot2,590,1722894495701480389,477142.5353427219,4428599.261234215,1627.7547863385705,0.8138482417263296,1.6214677768969676,220.66229276120168,False,False
robot2,591,1722894496201759431,477143.38039596897,4428599.275176563,1627.7349691415131,0.8451682551003744,1.689393193059658,221.50746101630205,False,False
robot2,592,1722894496707074797,477144.2029923792,4428599.291962294,1627.7268694270992,0.8227676554637361,1.6282262762920925,222.33022867176578,False,False
robot2,593,1722894497200198575,477145.0163019894,4428599.307146621,1627.7173729549,0.8134513419990903,1.6495885858326684,223.14368001376488,False,False
robot2,594,1722894497700478308,477145.7768510038,4428599.317928527,1627.6893800683158,0.7606254353132865,1.5204004650548695,223.90430544907815,False,False
robot2,595,1722894498202801356,477146.5700062998,4428599.329323413,1627.6862837152948,0.793237144250074,1.579137141594394,224.69754259332822,False,False
robot2,596,1722894498702353933,477147.40832191845,4428599.341887344,1627.66057509718,0.8384097618706131,1.6783216608096598,225.53595235519884,False,False
robot2,597,1722894499205458517,477148.2905676181,4428599.341325986,1627.63616500159,0.8822458782331696,1.7536038116575732,226.418198233432,False,False
robot2,598,1722894499702756233,477149.1257250614,4428599.349312093,1627.6153978807554,0.8351956255925947,1.6794670837716612,227.2533938590246,False,False
robot2,599,1722894500199255662,477149.9102920466,4428599.351104198,1627.5927272193703,0.7845690319673391,1.580202446835552,228.03796289099196,False,False
robot2,600,1722894500701909717,477150.7265198237,4428599.3568448415,1627.581569266648,0.8162479642267266,1.623875378019583,228.8542108552187,False,False
robot2,601,1722894501199508239,477151.5418536072,4428599.357798188,1627.5638794088873,0.8153343408703532,1.6385388800567136,229.66954519608905,False,False
robot2,602,1722894501703471659,477152.38720499823,4428599.354827375,1627.548772711731,0.8453566111441752,1.677416441263624,230.51490180723323,False,False
robot2,603,1722894502207734225,477153.2254976198,4428599.340450919,1627.517321271813,0.8384158883371255,1.6626570079190135,231.35331769557035,False,False
robot2,604,1722894502700615387,477154.0596209884,4428599.332903016,1627.4811111968083,0.8341575180357038,1.6924113875136348,232.18747521360606,False,False
robot2,605,1722894503201600699,477154.8804292648,4428599.333990131,1627.4836658620154,0.8208089963280462,1.6383891078719495,233.00828420993412,False,False
robot2,606,1722894503702552780,477155.7518805518,4428599.364666649,1627.480689184429,0.8719910517985032,1.7406678532527118,233.88027526173263,False,False
robot2,607,1722894504200200644,477156.6066929966,4428599.376701177,1627.4367093530934,0.8548971549820727,1.7178751924052262,234.7351724167147,False,False
robot2,608,1722894504703193407,477157.44719738746,4428599.359245659,1627.4159734035793,0.8406856286484037,1.6713676871174885,235.5758580453631,False,False
robot2,609,1722894505201819440,477158.2992933353,4428599.315822043,1627.398639879141,0.8532016846494899,1.7111055086988092,236.4290597300126,False,False
robot2,610,1722894505701628992,477159.13888748776,4428599.246704259,1627.3787666554945,0.8424343351191367,1.6855108378825205,237.27149406513172,False,False
robot2,611,1722894506202748812,477159.97714569606,4428599.160672095,1627.3545879280052,0.8426614724032169,1.6815559551569819,238.11415553753494,False,False
robot2,612,1722894506701938179,477160.8041747364,4428599.095624572,1627.334732562109,0.8295831566368268,1.6618613924074397,238.94373869417177,False,False
robot2,613,1722894507201841617,477161.6742625974,4428599.0769129805,1627.3140324223016,0.8702890379330578,1.7409142795763037,239.81402773210482,False,False
robot2,614,1722894507703065964,477162.4246581872,4428599.165405737,1627.2925151812576,0.7555954666222263,1.5074997314997765,240.56962319872704,False,False
robot2,615,1722894508205890801,477163.1450656039,4428599.204375622,1627.2830247975037,0.7214606697088065,1.4348145746741352,241.29108386843586,False,False
robot2,616,1722894508701742715,477163.9097056295,4428599.241336491,1627.261419187568,0.7655328044077037,1.5438743464528957,242.05661667284357,False,False
robot2,617,1722894509200768676,477164.6955869619,4428599.2755035935,1627.2470542279998,0.7866237089808615,1.5763178957354271,242.84324038182444,False,False
robot2,618,1722894509701679345,477165.55960487993,4428599.293559727,1627.212684418712,0.8642065647774015,1.7252705183468007,243.70744694660183,False,False
robot2,619,1722894510201009592,477166.27908103535,4428599.295683604,1627.1888871741849,0.7194792902224041,1.44088855784224,244.42692623682424,False,False
robot2,620,1722894510701311013,477166.8734936385,4428599.287448932,1627.1655398716173,0.5944696397335666,1.1882236773055175,245.02139587655782,False,False
robot2,621,1722894511199149115,477167.5240366259,4428599.26768309,1627.1558091786449,0.6508431969847353,1.3073386497608397,245.67223907354256,False,False
robot2,622,1722894511701681904,477168.2639483389,4428599.230894725,1627.129831715295,0.7408257061011878,1.4741840198327794,246.41306477964375,False,False
robot2,623,1722894512200986570,477169.0385213302,4428599.177175866,1627.1060292384009,0.7764335352106112,1.5550292719960919,247.18949831485435,False,False
robot2,624,1722894512699967890,477169.8458389068,4428599.10413853,1627.0761708378177,0.8106146569292119,1.6245385774706724,248.00011297178355,False,False
robot2,625,1722894513202149219,477170.7324626839,4428599.107767439,1627.052107986497,0.8866312035472604,1.7655608429773009,248.88674417533082,False,False
robot2,626,1722894513699855329,477171.5930428078,4428599.137089391,1627.0267788952829,0.8610795123061333,1.730096100505173,249.74782368763695,False,False
robot2,627,1722894514199792081,477172.4285162195,4428599.152891144,1627.0002048940737,0.8356228317747463,1.6714568719268827,250.5834465194117,False,False
robot2,628,1722894514701322300,477173.2183506082,4428599.165083951,1626.986735704029,0.7899284943142701,1.5750368390005185,251.37337501372596,False,False
robot2,629,1722894515199905520,477174.0192996598,4428599.178723355,1626.9641761032535,0.8010651762685439,1.606682673229307,252.1744401899945,False,False
robot2,630,1722894515702165628,477174.849402088,4428599.187365917,1626.9486058746184,0.8301474176914977,1.6528241702572115,253.004587607686,False,False
robot2,631,1722894516200601723,477175.62337600143,4428599.190616154,1626.9339094695931,0.773980737973704,1.552818773441235,253.77856834565972,False,False
robot2,632,1722894516700117979,477176.35268548055,4428599.197988262,1626.922599304634,0.7293467380612629,1.4601054356865308,254.50791508372097,False,False
robot2,633,1722894517201916941,477177.18832688825,4428599.201279187,1626.883044100915,0.835647887835126,1.665304449304779,255.3435629715561,False,False
robot2,634,1722894517701963761,477178.0742894039,4428599.210725407,1626.8506273859052,0.8860128725020199,1.771860146807641,256.2295758440581,False,False
robot2,635,1722894518203262290,477178.8922234232,4428599.208609991,1626.8245851253378,0.8179367547960186,1.6316363862174128,257.0475125988541,False,False
robot2,636,1722894518701686009,477179.649523194,4428599.21193725,1626.806384104617,0.7573070800914599,1.5194038840931272,257.80481967894553,False,False
robot2,637,1722894519203305961,477180.36799696885,4428599.21978578,1626.790680098999,0.7185166418161418,1.4323921775767217,258.5233363207617,False,False
robot2,638,1722894519699791827,477181.0939335403,4428599.215626975,1626.790524337913,0.725948483981802,1.4621732721409288,259.2492848047435,False,False
robot2,639,1722894520202428959,477181.8911186395,4428599.211931055,1626.7552662052658,0.7971936667045536,1.5860229355651025,260.0464784714481,False,False
robot2,640,1722894520704078611,477182.67656561313,4428599.203816797,1626.729411191919,0.7854888857176391,1.5658110441662816,260.83196735716575,False,False
robot2,641,1722894521199557031,477183.40811310353,4428599.203928333,1626.6924897978408,0.731547498905324,1.4764468264158115,261.5635148560711,False,False
robot2,642,1722894521700116546,477184.1029795448,4428599.228468374,1626.6872815681231,0.6952996367133437,1.3890454039324278,262.25881449278444,False,False
robot2,643,1722894522200099747,477184.8824731631,4428599.256818481,1626.6671364277122,0.7800089932118613,1.5600693154560323,263.0388234859963,False,False
robot2,644,1722894522701990293,477185.6644082443,4428599.2963389205,1626.640934549228,0.7829331621662418,1.5599683308179193,263.82175664816253,False,False
robot2,645,1722894523199367527,477186.39468119387,4428599.328307909,1626.612994835218,0.7309723641005426,1.4696540713670114,264.55272901226306,False,False
robot2,646,1722894523702012339,477187.1721730512,4428599.366208018,1626.606412738604,0.7784150605590555,1.5486385131533995,265.3311440728221,False,False
robot2,647,1722894524199837034,477187.98047868727,4428599.387270257,1626.5900211291091,0.8085800017204553,1.624226464173906,266.1397240745425,False,False
robot2,648,1722894524699662848,477188.7757601809,4428599.41018435,1626.5662231162369,0.7956115319463438,1.5917771473914497,266.9353356064889,False,False
robot2,649,1722894525201819900,477189.53793988447,4428599.428072517,1626.5494462936929,0.7623895900703942,1.5182296198937586,267.69772519655925,False,False
robot2,650,1722894525700058963,477190.3197251092,4428599.453437325,1626.526541243488,0.782196593635695,1.5699223269363987,268.47992179019496,False,False
robot2,651,1722894526219442107,477191.1551935065,4428599.466853785,1626.5039063299473,0.8355761152085941,1.6087854362222822,269.31549790540356,False,False
robot2,652,1722894526700806833,477191.8344518447,4428599.473084268,1626.488127479299,0.6792869120611316,1.4111688578970933,269.9947848174647,False,False
robot2,653,1722894527203350779,477192.5721309201,4428599.483293478,1626.4738930693838,0.7377497178879228,1.4680303141044102,270.7325345353526,False,False
robot2,654,1722894527701554023,477193.3435850154,4428599.48813867,1626.4587729401048,0.7714693105131136,1.5485038224564787,271.5040038458657,False,False
robot2,655,1722894528201641890,477194.15634320327,4428599.480734866,1626.4244357616938,0.8127919095802945,1.6252970684075148,272.31679575544604,False,False
robot2,656,1722894528704946470,477194.94637514255,4428599.478850079,1626.4046238120138,0.7900341875543886,1.5696943233842926,273.10682994300043,False,False
robot2,657,1722894529199971878,477195.7351377711,4428599.468322175,1626.4027576449212,0.7888328853368045,1.5935200318162666,273.89566282833727,False,False
robot2,658,1722894529700445388,477196.501250122,4428599.4602628015,1626.3845919969851,0.7661547413111089,1.5308597605779846,274.66181756964835,False,False
robot2,659,1722894530200211512,477197.3133464267,4428599.439776098,1626.366615983288,0.8123546720214266,1.625469701793488,275.47417224166975,False,False
robot2,660,1722894530701223459,477198.1448677002,4428599.413252399,1626.3503174978275,0.8319441897456854,1.6605279741786352,276.30611643141543,False,False
robot2,661,1722894531201300001,477198.9385681043,4428599.383330588,1626.3511397333568,0.7942642169151117,1.5882853233695597,277.10038064833054,False,False
robot2,662,1722894531699872779,477199.7243132514,4428599.348476765,1626.3213363243894,0.7865177844077662,1.5775384112082118,277.8868984327383,False,False
robot2,663,1722894532199019360,477200.4414772338,4428599.322536588,1626.297281809674,0.7176329635873502,1.4377202263434348,278.6045313963256,False,False
robot2,664,1722894532699456732,477201.1678916309,4428599.292414976,1626.2666368436664,0.7270386425955895,1.452806085408462,279.3315700389212,False,False
robot2,665,1722894533199717765,477201.9040339162,4428599.250600098,1626.242668819856,0.7373289281283628,1.4738875826711164,280.06889896704956,False,False
robot2,666,1722894533701619858,477202.519277615,4428599.213775403,1626.2461691157048,0.6163447631697818,1.228018475609841,280.6852437302193,False,False
robot2,667,1722894534203461592,477203.1544395764,4428599.063041594,1626.248165806106,0.6528027254414971,1.3008138159760276,281.33804645566084,False,False
robot2,668,1722894534699956680,477203.8898200497,4428598.762594786,1626.232596351384,0.7943882710437616,1.5999924621476969,282.1324347267046,False,False
robot2,669,1722894535200693348,477204.55706113,4428598.48321371,1626.2374708363986,0.7233701990103191,1.444612555982755,282.85580492571495,False,False
robot2,670,1722894535700571857,477205.1174617769,4428598.179884466,1626.2372462365108,0.6372264235557638,1.2747616367993966,283.4930313492707,False,False
robot2,671,1722894536203990796,477205.5940881669,4428597.861628104,1626.2384350780774,0.5731141490348453,1.1384443351894218,284.06614549830556,False,False
robot2,672,1722894536702838228,477206.0569125791,4428597.39647875,1626.229659590245,0.6561786023975217,1.315389217485265,284.7223241007031,False,False
robot2,673,1722894537201732550,477206.3819398226,4428596.867740735,1626.2401425381472,0.620650140471625,1.2440509945117233,285.3429742411747,False,False
robot2,674,1722894537701158468,477206.6011073183,4428596.393948878,1626.2391835085716,0.522027887358833,1.0452564615614912,285.86500212853355,False,False
robot2,675,1722894538200142099,477206.7402438585,4428595.889732439,1626.2580830845477,0.5230613675874235,1.048253078908782,286.388063496121,False,False
robot2,676,1722894538701119683,477206.7514443389,4428595.415036548,1626.2638745415534,0.47482801078716286,0.9478030359788546,286.86289150690817,False,False
robot2,677,1722894539199565787,477206.7960392545,4428594.906234039,1626.2694115072834,0.5107530710627205,1.024690416534045,287.3736445779709,False,False
robot2,678,1722894539699564992,477206.84525140096,4428594.401197446,1626.2777940184542,0.5074286117718543,1.0148586753106887,287.8810731897427,False,False
robot2,679,1722894540201701801,477206.8791089064,4428593.94436129,1626.2882926051382,0.4580890784017802,0.9122796077975363,288.3391622681445,False,False
robot2,680,1722894540700987366,477206.8730814444,4428593.414960151,1626.3010665532763,0.5294354508807741,1.0603862796073045,288.8685977190253,False,False
robot2,681,1722894541200106419,477206.87020690046,4428592.864140206,1626.3212684864234,0.5508274451780762,1.103599336704879,289.41942516420335,False,False
robot2,682,1722894541701345776,477206.85248092713,4428592.395686149,1626.320578544976,0.46878930659619905,0.9352604769965344,289.88821447079954,False,False
robot2,683,1722894542198972832,477206.7543116687,4428591.808368834,1626.3347770324438,0.5954652229314596,1.1966089336921775,290.483679693731,False,False
robot2,684,1722894542699932807,477206.6324154584,4428591.2292863205,1626.349496804953,0.591772965935687,1.1812781773442875,291.07545265966667,False,False
robot2,685,1722894543201283520,477206.510482775,4428590.658391502,1626.3625163047432,0.5837709082844158,1.164395899074936,291.6592235679511,False,False
robot2,686,1722894543700191536,477206.3795990496,4428590.092109177,1626.3818325540528,0.5812109949170574,1.1649667327056494,292.24043456286813,False,False
robot2,687,1722894544201024775,477206.2228777953,4428589.488780807,1626.390321373384,0.6233511644188724,1.2446280990222223,292.863785727287,False,False
robot2,688,1722894544700503303,477206.1239433364,4428588.905723459,1626.402837979346,0.5913914928703741,1.184017730182691,293.4551772201574,False,False
robot2,689,1722894545205448084,477206.0487566658,4428588.280884987,1626.4104747610943,0.6293458127002204,1.2463655651901915,294.0845230328576,False,False
robot2,690,1722894545702289675,477206.0733063004,4428587.722703458,1626.424506099649,0.5587211324100105,1.1245461789755367,294.6432441652676,False,False
robot2,691,1722894546202102108,477206.0479423988,4428587.095760694,1626.4370190069048,0.6274556214430576,1.2553823512800024,295.2706997867107,False,False
robot2,692,1722894546709127827,477206.0410648203,4428586.47452041,1626.4424183961894,0.6212783520761693,1.2253383547075314,295.89197813878684,False,False
robot2,693,1722894547207895348,477206.0178228404,4428585.814480359,1626.4629250311666,0.6604491346393506,1.324162658767794,296.5524272734262,False,False
robot2,694,1722894547704836533,477206.0018058109,4428585.2001733845,1626.475753556279,0.6145157474109596,1.2365961789169804,297.16694302083715,False,False
robot2,695,1722894548201835903,477205.9840660203,4428584.589651832,1626.4806486605587,0.6107792283747433,1.228933869538839,297.7777222492119,False,False
robot2,696,1722894548698890844,477205.9750952307,4428584.04859026,1626.4943659381213,0.5411359353728947,1.088684625365934,298.31885818458477,False,False
robot2,697,1722894549201639162,477205.9615579505,4428583.533954764,1626.4966561674228,0.5148135114148935,1.023998126876308,298.83367169599967,False,False
robot2,698,1722894549661517395,477205.951901844,4428582.961031148,1626.5122039131809,0.573004982243195,1.2459929051908458,299.4066766782429,False,False
robot2,699,1722894550199711362,477205.9394601898,4428582.218014397,1626.5206507819282,0.7431209105820542,1.3807672747859003,300.1497975888249,False,False
robot2,700,1722894550700247815,477205.9222782057,4428581.561904429,1626.5400635376325,0.6563349066802909,1.3112636053944773,300.8061324955052,False,False
robot2,701,1722894551201178621,477205.9060924498,4428580.972760138,1626.55250534596,0.5893665877292746,1.176542955722859,301.3954990832345,False,False
robot2,702,1722894551701804578,477205.8897789093,4428580.414168248,1626.5604072114422,0.5588300558704862,1.1162623566195111,301.95432913910497,False,False
robot2,703,1722894552200681164,477205.880381172,4428579.909576566,1626.5715720386945,0.5046791882016884,1.0116313671078236,302.45900832730666,False,False
robot2,704,1722894552701309119,477205.85853227135,4428579.314229794,1626.5856477750274,0.5957475585546131,1.1900004894955238,303.05475588586125,False,False
robot2,705,1722894553199354424,477205.841283426,4428578.767133023,1626.5958503791649,0.5473686141084063,1.0990339981939972,303.60212449996965,False,False
robot2,706,1722894553702059372,477205.8215773708,4428578.229203055,1626.607335169254,0.5382907941422751,1.0707889226468528,304.1404152941119,False,False
robot2,707,1722894554199136113,477205.8002161112,4428577.621340318,1626.6221532212105,0.6082379554764792,1.2236298634349798,304.74865324958836,False,False
robot2,708,1722894554701055975,477205.7929478004,4428577.018384939,1626.632661779256,0.602999184837181,1.2013850874187204,305.35165243442555,False,False
robot2,709,1722894555200860804,477205.783908284,4428576.419290796,1626.6418256842733,0.5991623362653945,1.1987922648047922,305.95081477069095,False,False
robot2,710,1722894555699921600,477205.7740983071,4428575.835392479,1626.6490981522566,0.5839807191351559,1.1701598625420937,306.53479548982614,False,False
robot2,711,1722894556200902004,477205.7642167193,4428575.171732827,1626.673412615878,0.6637332138419169,1.3248686855863934,307.19852870366805,False,False
robot2,712,1722894556701521793,477205.7520029538,4428574.563912956,1626.6808134774465,0.6079425727042819,1.214379586000566,307.80647127637235,False,False
robot2,713,1722894557201376561,477205.739742468,4428573.915311188,1626.6956246899992,0.6487176369228513,1.2978127695109676,308.4551889132952,False,False
robot2,714,1722894557700220486,477205.7314233075,4428573.244460701,1626.710370892395,0.6709020680478757,1.3449138234861189,309.1260909813431,False,False
robot2,715,1722894558200413254,477205.7268152695,4428572.605090062,1626.726223441956,0.6393872440644793,1.2782813766931902,309.7654782254076,False,False
robot2,716,1722894558702229048,477205.7285091994,4428571.8999819495,1626.7434514796923,0.7051101473750061,1.4051174816300787,310.47058837278263,False,False
robot2,717,1722894559203796228,477205.730000896,4428571.252464414,1626.7579849418798,0.6475192540559331,1.2909922149348496,311.11810762683854,False,False
robot2,718,1722894559702487109,477205.7285926287,4428570.519137471,1626.763246177572,0.7333282948637175,1.470506836652818,311.85143592170226,False,False
robot2,719,1722894560199840628,477205.7316119806,4428569.860299325,1626.7803935797283,0.6588450649380607,1.3247016331567802,312.51028098664034,False,False
robot2,720,1722894560701432645,477205.75002085697,4428569.1659247605,1626.789312023904,0.6946185442412413,1.384828015292695,313.20489953088156,False,False
robot2,721,1722894561200323065,477205.7985780615,4428568.47470891,1626.8112785898804,0.6929192983133343,1.3889202262905795,313.8978188291949,False,False
robot2,722,1722894561698942131,477205.83622413466,4428567.7108962,1626.8259421379537,0.7647398796926818,1.5337156378407035,314.66255870888756,False,False
robot2,723,1722894562202825718,477205.8751643134,4428566.968666606,1626.829667072645,0.7432503667060578,1.4750437727273604,315.4058090755936,False,False
robot2,724,1722894562700261103,477205.91211492656,4428566.204985998,1626.8532933830877,0.7645740113714355,1.5370319782166164,316.17038308696505,False,False
robot2,725,1722894563200014395,477205.9441036011,4428565.464545058,1626.8786068908914,0.7411316079248008,1.4829951131761365,316.91151469488983,False,False
robot2,726,1722894563700033331,477205.9715484909,4428564.7883780105,1626.8953508760335,0.6767237975822561,1.3533966125307355,317.5882384924721,False,False
robot2,727,1722894564207574401,477205.979864653,4428564.155284468,1626.9080288084226,0.6331481596002582,1.2474807711279172,318.22138665207234,False,False
robot2,728,1722894564699096580,477205.9660713257,4428563.473468545,1626.9004505415771,0.6819554303590731,1.3874360212596677,318.90334208243144,False,False
robot2,729,1722894565199324057,477205.928617757,4428562.755305083,1626.918292499175,0.7191394360430206,1.4376248927141837,319.62248151847444,False,False
robot2,730,1722894565698482512,477205.8876218072,4428562.062159003,1626.913065243989,0.6943573689459198,1.3910562126302395,320.3168388874204,False,False
robot2,731,1722894566200876113,477205.8267555074,4428561.395426511,1626.9419960454493,0.6695049829877722,1.332630705126182,320.9863438704081,False,False
robot2,732,1722894566701169107,477205.7548734815,4428560.753433086,1626.9424359017885,0.6460050953354645,1.291252858338434,321.6323489657436,False,False
robot2,733,1722894567203514978,477205.6841543351,4428560.059300276,1626.9648855854473,0.697725988429595,1.388936304478998,322.33007495417314,False,False
robot2,734,1722894567702555067,477205.618032028,4428559.364124318,1626.971784081751,0.6983135206947381,1.399312699661331,323.0283884748679,False,False
robot2,735,1722894568201748464,477205.577669764,4428558.696438698,1626.9902730249466,0.6689044766771249,1.3399711535111682,323.697292951545,False,False
robot2,736,1722894568700838606,477205.53524835146,4428558.031185515,1627.0100535384283,0.6666043605951979,1.3356390641836193,324.36389731214024,False,False
robot2,737,1722894569199492386,477205.5095746003,4428557.443262329,1627.0346936703836,0.5884834866129124,1.1801441840637727,324.95238079875315,False,False
robot2,738,1722894569699455793,477205.4925757244,4428556.81719102,1627.0611557451143,0.626302041012395,1.252696071158128,325.5786828397656,False,False
robot2,739,1722894570199310312,477205.48427988566,4428556.171301562,1627.0572998033251,0.6459427312161802,1.292261343350598,326.22462557098174,False,False
robot2,740,1722894570701810784,477205.49067588896,4428555.562667695,1627.0886795948156,0.6086674736533667,1.2112778418952252,326.8332930446351,False,False
robot2,741,1722894571200701166,477205.4909876754,4428554.937770571,1627.0872165491503,0.6248972020271809,1.2525735181003255,327.4581902466623,False,False
robot2,742,1722894571700711470,477205.4781251304,4428554.262112689,1627.142178624555,0.6757803029042115,1.3515328939809346,328.1339705495665,False,False
robot2,743,1722894572201908519,477205.4801985708,4428553.555722305,1627.132467060692,0.7063934276228822,1.4094124408658875,328.8403639771894,False,False
robot2,744,1722894572702337174,477205.4694671861,4428552.906082923,1627.1266968021114,0.6497280117856866,1.2983428851305427,329.49009198897505,False,False
robot2,745,1722894573200928882,477205.4260509559,4428552.214017892,1627.1386075249725,0.6934255369235874,1.3907690844400513,330.18351752589865,False,False
robot2,746,1722894573702576661,477205.39129766304,4428551.54920233,1627.154584577061,0.6657233078666365,1.327072718832823,330.8492408337653,False,False
robot2,747,1722894574201180047,477205.3711677078,4428550.968670435,1627.1834095833913,0.5808807936207785,1.1650152829738538,331.4301216273861,False,False
robot2,748,1722894574705608938,477205.3661954884,4428550.368675991,1627.1957473366886,0.6000150465969106,1.1894944432819587,332.030136673983,False,False
robot2,749,1722894575199891822,477205.3710311485,4428549.721251002,1627.1925048536236,0.6474430480607982,1.3098631741073217,332.6775797220438,False,False
robot2,750,1722894575700851518,477205.3649462176,4428549.066770056,1627.2101635425872,0.6545092315384264,1.306510916442807,333.33208895358223,False,False
robot2,751,1722894576203451337,477205.3573430878,4428548.419525637,1627.230709895873,0.6472890741181617,1.287881282493833,333.97937802770036,False,False
robot2,752,1722894576699930389,477205.33838566847,4428547.765480317,1627.2316665926162,0.6543200016145994,1.3179207101342119,334.633698029315,False,False
robot2,753,1722894577199281268,477205.32566867536,4428547.075295193,1627.2342692471157,0.690302272471916,1.3823994905714385,335.3240003017869,False,False
robot2,754,1722894577701990560,477205.31116325496,4428546.393779039,1627.2698988913244,0.6816705032688462,1.3559931812433648,336.00567080505573,False,False
robot2,755,1722894578206690745,477205.2770889252,4428545.706873064,1627.2666068457363,0.6877505936479812,1.3626913871450068,336.6934213987037,False,False
robot2,756,1722894578704307516,477205.2570471386,4428545.030468418,1627.2862734613743,0.6767014983649087,1.3598848391772966,337.37012289706865,False,False
robot2,757,1722894579202874005,477205.2380429979,4428544.3497950295,1627.2906850860104,0.6809386312548077,1.3657926417296617,338.0510615283235,False,False
robot2,758,1722894579701289115,477205.2230137609,4428543.7195710745,1627.3137873421938,0.6304031340787744,1.264815751072057,338.6814646624023,False,False
robot2,759,1722894580202908115,477205.217157964,4428543.188610057,1627.3218648833792,0.5309933069847297,1.0585587876949516,339.212457969387,False,False
robot2,760,1722894580702947735,477205.1995185439,4428542.5094041,1627.3356473141623,0.6794349727921685,1.3587623927902603,339.8918929421792,False,False
robot2,761,1722894581200225036,477205.21448558377,4428541.817006575,1627.347710307079,0.6925592713684263,1.3927024767025082,340.58445221354765,False,False
robot2,762,1722894581702259474,477205.2132421367,4428541.133285203,1627.3709777044287,0.6837225026203904,1.3619036216863936,341.26817471616806,False,False
robot2,763,1722894582201211986,477205.2100253081,4428540.407064756,1627.3946114536466,0.726227571152886,1.4555047485647334,341.99440228732095,False,False
robot2,764,1722894582703103190,477205.2259202172,4428539.690259703,1627.414878174463,0.7169812633970755,1.428558647746484,342.71138355071804,False,False
robot2,765,1722894583200594690,477205.2261781482,4428538.961810698,1627.4275007746658,0.7284490512979925,1.4642446287340714,343.43983260201605,False,False
robot2,766,1722894583701934658,477205.235648973,4428538.244147707,1627.4496534141265,0.717725480395227,1.4316144847485235,344.1575580824113,False,False
robot2,767,1722894584201938343,477205.2410205628,4428537.515868326,1627.4602657430196,0.7282991904797088,1.4565872680804803,344.88585727289103,False,False
robot2,768,1722894584699776207,477205.23922871245,4428536.805202737,1627.4864729630965,0.7106678472217869,1.4275088654396064,345.5965251201128,False,False
robot2,769,1722894585201594465,477205.2450620904,4428536.121096387,1627.509369228757,0.6841312210443722,1.3633049741831653,346.28065634115717,False,False
robot2,770,1722894585703608900,477205.2477042451,4428535.444837128,1627.522301755428,0.676264420210584,1.3471016411689267,346.95692076136777,False,False
robot2,771,1722894586203595960,477205.2393698963,4428534.757595957,1627.5523876065652,0.6872917050831457,1.3746181500239418,347.64421246645094,False,False
robot2,772,1722894586702637247,477205.2328845821,4428534.117408915,1627.562796708453,0.6402198902195702,1.2829001764952506,348.2844323566705,False,False
robot2,773,1722894587203445529,477205.2258031926,4428533.525643759,1627.5692058146194,0.5918075244126195,1.1817048489741921,348.8762398810831,False,False
robot2,774,1722894587699290242,477205.2171043212,4428532.878268186,1627.586121638117,0.6474340147105861,1.3057189692654747,349.5236738957937,False,False
robot2,775,1722894588202372803,477205.2013213116,4428532.147195975,1627.6037948147791,0.7312425593872697,1.4535241025383683,350.254916455181,False,False
robot2,776,1722894588700237214,477205.1874218346,4428531.43862855,1627.62724122242,0.7087037407080434,1.4234872387237347,350.963620195889,False,False
robot2,777,1722894589200851184,477205.1863890157,4428530.674988684,1627.650407257617,0.7636405638838871,1.525408146706902,351.7272607597729,False,False
robot2,778,1722894589704830550,477205.1911356349,4428529.947931373,1627.6643658318533,0.7270728057539235,1.4426642944292452,352.45433356552684,False,False
robot2,779,1722894590203745175,477205.2115988273,4428529.1846062085,1627.6886467929305,0.7635994030801382,1.5305201664037416,353.217932968607,False,False
robot2,780,1722894590702202092,477205.24941176415,4428528.4711886365,1627.7175994972235,0.7144189598445956,1.4332617780883754,353.93235192845157,False,False
robot2,781,1722894591205177318,477205.2815740767,4428527.723163887,1627.7144434447373,0.7487158608686146,1.4885740350348824,354.6810677893202,False,False
robot2,782,1722894591700147217,477205.3148569545,4428526.92562267,1627.7349810918668,0.7982353930298045,1.612694998264246,355.47930318235,False,False
robot2,783,1722894592201048404,477205.3351193266,4428526.209387622,1627.7534461274277,0.7165216032358778,1.4304648729890617,356.1958247855859,False,False
robot2,784,1722894592702722161,477205.3515215614,4428525.535166537,1627.763855891728,0.6744205691015626,1.3443410950554233,356.8702453546875,False,False
robot2,785,1722894593205355178,477205.3720134058,4428524.812812996,1627.7922766097674,0.7226441408494614,1.4377169914663814,357.59288949553695,False,False
robot2,786,1722894593700427330,477205.3972859442,4428524.167079416,1627.814317679967,0.6462279454875635,1.3053208028528378,358.2391174410245,False,False
robot2,787,1722894594204430925,477205.40589072887,4428523.50886464,1627.8265761422408,0.6582710182443484,1.3060841559219845,358.8973884592689,False,False
robot2,788,1722894594701947043,477205.424306627,4428522.834387256,1627.8264581860003,0.6747287509852689,1.3561940060297628,359.57211721025413,False,False
robot2,789,1722894595200181286,477205.442055695,4428522.098622134,1627.8498619455986,0.7359791736082272,1.477175632329151,360.30809638386233,False,False
robot2,790,1722894595703252761,477205.4490398308,4428521.3873326825,1627.8587471462524,0.7113237391709569,1.4139613819200636,361.0194201230333,False,False
robot2,791,1722894596202125725,477205.5071502092,4428520.561290627,1627.868265685472,0.8280835060289156,1.659908461077986,361.8475036290622,False,False
robot2,792,1722894596703938862,477205.6479330433,4428519.810232657,1627.8534271478024,0.7641386531132234,1.5227559913393311,362.6116422821754,False,False
robot2,793,1722894597203255144,477205.7991155339,4428519.11986725,1627.8472769291295,0.7067252225606507,1.4153860832088807,363.31836750473605,False,False
robot2,794,1722894597702370108,477206.0189674682,4428518.547724895,1627.837326328192,0.6129288274849246,1.2280307077368453,363.931296332221,False,False
robot2,795,1722894598202150644,477206.28508815967,4428518.03380532,1627.8095444542696,0.5787344400953699,1.1579774256891393,364.5100307723164,False,False
robot2,796,1722894598701861742,477206.7216293676,4428517.463983997,1627.8167894225908,0.7178193133993743,1.4364688003799009,365.2278500857158,False,False
robot2,797,1722894599199563931,477207.30255389895,4428516.952550095,1627.822303668305,0.7739754178365454,1.5550969410679654,366.0018255035523,False,False
robot2,798,1722894599701863145,477207.9120166608,4428516.56671491,1627.8355490495603,0.7213276979564541,1.436052225702808,366.72315320150875,False,False
robot2,799,1722894600202180317,477208.5442464797,4428516.213656286,1627.8388893016495,0.724130468872815,1.4473423526019145,367.4472836703816,False,False
robot2,800,1722894600700242046,477209.230918188,4428515.910994751,1627.8387995762182,0.7504145783421622,1.5066707647260817,368.1976982487237,False,False
robot2,801,1722894601201494797,477209.97765367705,4428515.692381428,1627.8375944914665,0.778078193973039,1.5522667501078018,368.97577644269677,False,False
robot2,802,1722894601702039795,477210.74408693385,4428515.5217432855,1627.8510876605662,0.7851989000747311,1.5686878523581287,369.7609753427715,False,False
robot2,803,1722894602200875293,477211.4902018152,4428515.342828504,1627.8385426398963,0.7672665216749613,1.5381151176270809,370.52824186444644,False,False
robot2,804,1722894602701181050,477212.1133258105,4428515.217044511,1627.8250788061805,0.6356926351788516,1.2706085407028278,371.16393449962527,False,False
robot2,805,1722894603202521779,477212.80188087455,4428515.116387172,1627.8131010544705,0.6958735345854612,1.3880247585125274,371.85980803421074,False,False
robot2,806,1722894603700740930,477213.5157066872,4428515.025617997,1627.8144618934152,0.7195737167280055,1.4442919632590703,372.57938175093875,False,False
robot2,807,1722894604200216235,477214.2705041256,4428514.966741834,1627.800394480298,0.7570902031459898,1.5157705128404078,373.33647195408474,False,False
robot2,808,1722894604703444716,477215.0278317066,4428515.008237851,1627.7972591170824,0.7584635682550651,1.5071953989455087,374.0949355223398,False,False
robot2,809,1722894605201134603,477215.8083066399,4428515.128856497,1627.7820803486825,0.7897404505509525,1.5868120923377624,374.88467597289076,False,False
robot2,810,1722894605701849017,477216.5217741127,4428515.239174178,1627.7749670042654,0.7219458605067337,1.4418319139921736,375.60662183339747,False,False
robot2,811,1722894606199032422,477217.3192991298,4428515.307375643,1627.7601733790166,0.8004358767726085,1.6099411221062767,376.4070577101701,False,False
robot2,812,1722894606704219936,477218.2003852161,4428515.360625572,1627.754538490528,0.8826937443261794,1.7472596299995147,377.28975145449624,False,False
robot2,813,1722894607201480968,477219.0653464774,4428515.387379389,1627.750145830331,0.865374918907401,1.740282942925125,378.1551263734036,False,False
robot2,814,1722894607704242640,477219.93100647937,4428515.38087514,1627.7420715449985,0.8656844369036526,1.7218578790530146,379.0208108103073,False,False
robot2,815,1722894608199449645,477220.8093513852,4428515.350648153,1627.7430965276174,0.8788648613011337,1.7747430021909896,379.8996756716084,False,False
robot2,816,1722894608705491436,477221.6754454525,4428515.30963757,1627.7275134376505,0.8670644735485364,1.713423920002846,380.7667401451569,False,False
robot2,817,1722894609202381354,477222.5028848162,4428515.242973037,1627.726288979349,0.8301205096385323,1.6706329253051473,381.5968606547954,False,False
robot2,818,1722894609701093994,477223.3415417443,4428515.151704508,1627.723977557448,0.8436085510876896,1.69157276783352,382.4404692058831,False,False
robot2,819,1722894610203749713,477224.19005324336,4428515.057611061,1627.7296387113852,0.8537126804357268,1.6984043049096593,383.2941818863188,False,False
robot2,820,1722894610703555411,477225.009756462,4428514.978467929,1627.717812639578,0.8235150284059953,1.6476703782375544,384.11769691472483,False,False
robot2,821,1722894611202232968,477225.85263543535,4428514.888604699,1627.722728911542,0.8476558050867616,1.6998068153842667,384.9653527198116,False,False
robot2,822,1722894611700238830,477226.6563684287,4428514.797354674,1627.7294276037403,0.8088963417208815,1.6242707070632636,385.7742490615325,False,False
robot2,823,1722894612202004701,477227.381400749,4428514.732954172,1627.7246609676242,0.7278868662101536,1.450650822877161,386.50213592774264,False,False
robot2,824,1722894612709441854,477228.20241038286,4428514.650290391,1627.720180791184,0.8251606629182914,1.6261334713062825,387.3272965906609,False,False
robot2,825,1722894613201954521,477228.99239208,4428514.57629557,1627.7151440012617,0.7934395474858736,1.611003214224673,388.1207361381468,False,False
robot2,826,1722894613701951311,477229.7687061447,4428514.562962012,1627.7080645449305,0.7764285612828573,1.5528674890746024,388.89716469942965,False,False
robot2,827,1722894614200306474,477230.50722093147,4428514.536629018,1627.7060928701806,0.7389841113561902,1.4828463416618534,389.63614881078587,False,False
robot2,828,1722894614700699087,477231.33977964247,4428514.505218025,1627.6956731438486,0.833151041378469,1.664994478012367,390.46929985216434,False,False
robot2,829,1722894615201512261,477232.183050563,4428514.4631171925,1627.691716306481,0.8443212217496298,1.6859011434413071,391.31362107391396,False,False
robot2,830,1722894615703662625,477233.0479579758,4428514.396332449,1627.6937610522682,0.867482008301197,1.7275337709103264,392.18110308221515,False,False
robot2,831,1722894616201823966,477233.83541803714,4428514.335387316,1627.6993889312275,0.7898149514182622,1.585460223788873,392.9709180336334,False,False
robot2,832,1722894616701441444,477234.5939736162,4428514.305502494,1627.6930672270494,0.7591440371163455,1.519450220874557,393.73006207074974,False,False
robot2,833,1722894617201579319,477235.3744240084,4428514.252279095,1627.688402110114,0.782263091850238,1.5640951005133266,394.51232516259995,False,False
robot2,834,1722894617700935565,477236.1777951512,4428514.187584044,1627.6926629134225,0.8059718621966312,1.6140217133163133,395.3182970247966,False,False
robot2,835,1722894618201459608,477236.9584974023,4428514.177913259,1627.69147219658,0.7807621462442726,1.559889391021477,396.0990591710409,False,False
robot2,836,1722894618703482528,477237.6710814575,4428514.158715227,1627.6737691740789,0.7128426194936681,1.4199402130152396,396.81190179053453,False,False
robot2,837,1722894619200935240,477238.283947778,4428514.132334399,1627.6765054762236,0.6134338390056737,1.2331505864587617,397.4253356295402,False,False
robot2,838,1722894619703397332,477238.9014202004,4428514.093945365,1627.684256303075,0.6186646186423117,1.231266116829597,398.0440002481825,False,False
robot2,839,1722894620202607326,477239.4645070674,4428514.058317522,1627.6866799590289,0.5642128703101961,1.1302112047743578,398.6082131184927,False,False
robot2,840,1722894620702443938,477239.8722206096,4428514.034129994,1627.685944338411,0.40843037228675577,0.817127645798302,399.0166434907795,False,False
robot2,841,1722894621202609467,477240.2997595166,4428514.003936771,1627.687255937366,0.42860371869422503,0.8569242683487401,399.4452472094737,False,False
robot2,842,1722894621705348933,477240.7156065269,4428513.972398524,1627.6935455991677,0.41704124134522974,0.8295371699900185,399.8622884508189,False,False
robot2,843,1722894622200272477,477241.0185281557,4428513.952284677,1627.694161182471,0.3035886691763069,0.6134054237213898,400.1658771199952,False,False
robot2,844,1722894622701938889,477241.253607542,4428513.931981538,1627.6910812961698,0.23595451958249972,0.4703413483039438,400.40183163957767,False,False
robot2,845,1722894623200535210,477241.544405764,4428513.90732681,1627.6870606868658,0.2918415007367569,0.585326093970005,400.69367314031444,False,False
robot2,846,1722894623723795416,477241.9117479688,4428513.872496205,1627.6838134268232,0.3689897917829446,0.7051746924582231,401.0626629320974,False,False
robot2,847,1722894624202441610,477242.1868927045,4428513.843133956,1627.6727258179856,0.2767070061654683,0.5781033273698828,401.33936993826285,False,False
robot2,848,1722894624702391704,477242.4802819213,4428513.814966964,1627.670544583718,0.29473820923811284,0.5895351709418204,401.63410814750097,False,False
robot2,849,1722894625202061432,477242.7955064397,4428513.787677058,1627.6583209041778,0.3164035966267243,0.6332256897696862,401.9505117441277,False,False
robot2,850,1722894625701925112,477243.1015405047,4428513.749078556,1627.6606041852203,0.3084585763395332,0.6170854632664671,402.25897032046726,False,False
robot2,851,1722894626201304455,477243.4214929004,4428513.717039719,1627.6531401258774,0.3215525191397594,0.6439039494105987,402.580522839607,False,False
robot2,852,1722894626701110429,477243.7053400884,4428513.680453489,1627.6520297478737,0.28619535007349656,0.572612957259119,402.8667181896805,False,False
robot2,853,1722894627198367357,477243.9825890533,4428513.654686948,1627.6493578486622,0.27844371626202613,0.5599599130689457,403.14516190594253,False,False
robot2,854,1722894627700178911,477244.38364539953,4428513.620088276,1627.6373712746251,0.4025459737228062,0.8021852408049508,403.5477078796653,False,False
robot2,855,1722894628202208417,477244.9226032872,4428513.582368018,1627.6316052734292,0.5402762465448457,1.076183923837853,404.0879841262102,False,False
robot2,856,1722894628701329334,477245.483981147,4428513.559907475,1627.6189910086134,0.5618269996003181,1.125632972957089,404.6498111258105,False,False
robot2,857,1722894629203711311,477245.9569841877,4428513.538070026,1627.614247598434,0.4735068644538563,0.9425239189415177,405.12331799026435,False,False
robot2,858,1722894629699975258,477246.54766985314,4428513.486255242,1627.6088609854382,0.5929538997421727,1.1948356572404633,405.7162718900065,False,False
robot2,859,1722894630200854759,477247.1992912751,4428513.446991382,1627.6042726732085,0.6528032844810926,1.3033139715533848,406.3690751744876,False,False
robot2,860,1722894630703862389,477247.8215238547,4428513.404072688,1627.6123226818183,0.6237109886702968,1.2399638133441249,406.9927861631579,False,False
robot2,861,1722894631200938370,477248.5085366334,4428513.342429815,1627.6117607693952,0.6897727175795241,1.3876597115888032,407.6825588807374,False,False
robot2,862,1722894631699539442,477249.1973194775,4428513.26846938,1627.621815876849,0.6927423418802544,1.3893722591086235,408.3753012226177,False,False
robot2,863,1722894632200526695,477249.8399583201,4428513.207007954,1627.6096146919372,0.6455712113403638,1.2885985926799954,409.02087243395806,False,False
robot2,864,1722894632702928159,477250.5241542311,4428513.126714714,1627.6279635100786,0.6888911736160086,1.3711962439048129,409.7097636075741,False,False
robot2,865,1722894633202895188,477251.2139129721,4428513.037976645,1627.6294894384246,0.6954434309075641,1.3909783931005324,410.40520703848165,False,False
robot2,866,1722894633701619644,477251.822727505,4428512.935251397,1627.6230707364275,0.6174201260480595,1.237998483778044,411.0226271645297,False,False
robot2,867,1722894634202005988,477252.5226993171,4428512.73236208,1627.623855434941,0.7287829666930897,1.4564401735360104,411.75141013122277,False,False
robot2,868,1722894634706308880,477253.2911473877,4428512.49818373,1627.628688932114,0.8033379967340718,1.5929677411220904,412.5547481279568,False,False
robot2,869,1722894635203753574,477254.0371302683,4428512.3034079205,1627.6329612430368,0.7709916174054624,1.5499043942200907,413.3257397453623,False,False
robot2,870,1722894635700391295,477254.701348367,4428512.126570988,1627.6399893307982,0.6873550633867039,1.3840174147526563,414.013094808749,False,False
robot2,871,1722894636204224436,477255.4386026864,4428511.971050357,1627.6442228613616,0.7534789965038137,1.4954919594459535,414.7665738052528,False,False
robot2,872,1722894636700171003,477256.167990627,4428511.848413099,1627.62329232111,0.73962603061144,1.4913426525479823,415.5061998358642,False,False
robot2,873,1722894637199630071,477256.93428557256,4428511.765333982,1627.6067537344702,0.7707853677701169,1.5432404345157569,416.27698520363435,False,False
robot2,874,1722894637702526996,477257.6921937488,4428511.778678667,1627.581379084328,0.7580256487702738,1.5073178252435777,417.03501085240464,False,False
robot2,875,1722894638199583435,477258.2977782481,4428511.852561744,1627.560158987778,0.6100748272879501,1.2273752514109986,417.6450856796926,False,False
robot2,876,1722894638702524672,477258.94308796886,4428511.925774638,1627.540534525235,0.6494495850501442,1.291303383747222,418.29453526474276,False,False
robot2,877,1722894639208793057,477259.59666132287,4428512.054200231,1627.5551636509065,0.6660715142772339,1.3156487369664842,418.96060677902,False,False
robot2,878,1722894639703971327,477260.23692685296,4428512.160347268,1627.570254843426,0.6490047322351808,1.310648777633576,419.6096115112552,False,False
robot2,879,1722894640202202711,477260.8819654335,4428512.276544068,1627.5369809750207,0.6554208317542399,1.315495432339986,420.2650323430094,False,False
robot2,880,1722894640700886087,477261.5787982101,4428512.439727415,1627.5012595435137,0.7156847933121455,1.435148468576328,420.9807171363216,False,False
robot2,881,1722894641201086822,477262.1932794448,4428512.610442095,1627.4751123272683,0.6377544118713736,1.2749969164495942,421.61847154819293,False,False
robot2,882,1722894641699586056,477262.9285920816,4428512.792945012,1627.4522146381607,0.7576225897555795,1.5198064424758573,422.3760941379485,False,False
robot2,883,1722894642201746089,477263.6640369193,4428512.98605158,1627.429554840947,0.76037441811847,1.5142072419167543,423.136468556067,False,False
robot2,884,1722894642704197018,477264.360033152,4428513.164962172,1627.3870627513331,0.7186235145788366,1.4302361744967678,423.8550920706458,False,False
robot2,885,1722894643203488931,477265.0523481422,4428513.336009158,1627.3681573817646,0.7131319072783644,1.4282865630710573,424.56822397792416,False,False
robot2,886,1722894643704719915,477265.7604839232,4428513.523096998,1627.3456456422412,0.7324330306252316,1.46126924431057,425.3006570085494,False,False
robot2,887,1722894644201018379,477266.5329778241,4428513.725776262,1627.3064949756233,0.7986399130774532,1.6091925123859434,426.0992969216269,False,False
robot2,888,1722894644701179208,477267.41219949134,4428513.94998753,1627.278048097025,0.9073595940460506,1.814136146060601,427.00665651567294,False,False
robot2,889,1722894645203105981,477268.2530566552,4428514.1202858295,1627.2406958925835,0.8579290651679241,1.7092701336193274,427.86458558084087,False,False
robot2,890,1722894645698671169,477269.0218647285,4428514.2510002665,1627.2156426100828,0.7798410848492576,1.5736405578636938,428.6444266656901,False,False
robot2,891,1722894646201092451,477269.8565261974,4428514.36454118,1627.1919156203437,0.8423486848294864,1.6765789029197238,429.48677535051957,False,False
robot2,892,1722894646706082102,477270.67811260215,4428514.456857778,1627.1673934728806,0.8267566598975694,1.6371747660429488,430.31353201041713,False,False
robot2,893,1722894647202469625,477271.3626471696,4428514.518337432,1627.156184695045,0.687289838374267,1.384583342100164,431.0008218487914,False,False
robot2,894,1722894647702177348,477272.0106164109,4428514.566132536,1627.1352456866755,0.6497295664848485,1.3002192442031189,431.65055141527625,False,False
robot2,895,1722894648207147683,477272.5679621263,4428514.616163989,1627.1212119401346,0.5595868053471945,1.1081573069003585,432.21013822062343,False,False
robot2,896,1722894648701337888,477273.042020133,4428514.671545382,1627.1018864106366,0.4772819841858107,0.9657864501004121,432.68742020480926,False,False
robot2,897,1722894649200887780,477273.5495349199,4428514.721062595,1627.0958239123872,0.5099247134121043,1.020767905330945,433.19734491822135,False,False
robot2,898,1722894649701827671,477274.02631681145,4428514.765015172,1627.0756143126953,0.47880350991988907,0.95581084553184,433.67614842814123,False,False
robot2,899,1722894650199294698,477274.31919395406,4428514.793723654,1627.068027016112,0.2942808142074411,0.5915581313049217,433.9704292423487,False,False
robot2,900,1722894650702293580,477274.37868604704,4428514.797728147,1627.0648530505516,0.05962671460861205,0.11854250834574485,434.0300559569573,False,False
robot2,901,1722894651201226450,477274.37605935294,4428514.795964018,1627.0602533415522,0.00316412274092901,0.0063417778609740115,434.03322007969825,True,False
robot2,902,1722894651706715770,477274.3786150131,4428514.798736363,1627.060020443658,0.0037705823916327867,0.00745927520490288,434.03699066208986,True,False
robot2,903,1722894652200814741,477274.3764160774,4428514.797486436,1627.0586412164928,0.002529354866896147,0.005119121732424619,434.03952001695677,True,False
robot2,904,1722894652701553197,477274.3756857763,4428514.797761489,1627.0590002037495,0.0007803805896910053,0.0015584604431778258,434.04030039754645,True,False
robot2,905,1722894653200234857,477274.37483850704,4428514.798458481,1627.061706135052,0.0010971161020042128,0.002200033493193645,434.04139751364846,True,False
robot2,906,1722894653700054028,477274.37220877374,4428514.801698864,1627.0626826405182,0.004173197896339623,0.008349413626164197,434.0455707115448,True,False
robot2,907,1722894654201866551,477274.3771881461,4428514.79988931,1627.0599165498677,0.005297984102221174,0.010557697437269475,434.05086869564707,True,False
robot2,908,1722894654700375128,477274.3763300621,4428514.797570531,1627.0587734830572,0.0024724571271519387,0.004959707158335339,434.05334115277424,True,False
robot2,909,1722894655203063105,477274.37528803886,4428514.796367876,1627.0595702542066,0.0015912861299966045,0.003165554674524635,434.05493243890425,True,False
robot2,910,1722894655703090663,477274.3773492796,4428514.797127588,1627.0565149724575,0.002196787397566107,0.004393331786286308,434.0571292263018,True,False
robot2,911,1722894656200927649,477274.3738583444,4428514.798776293,1627.056006388824,0.0038606810556621025,0.007754908813114334,434.06098990735745,True,False
robot2,912,1722894656702191600,477274.3746136912,4428514.798548314,1627.056929837118,0.000789001501439643,0.0015740243199226333,434.0617789088589,True,False
robot2,913,1722894657202688280,477274.37496824656,4428514.798476637,1627.0560904068618,0.000361727837949905,0.0007227378152634832,434.0621406366969,True,False
robot2,914,1722894657700135578,477274.3769738747,4428514.800576314,1627.0543635657027,0.002903650749695777,0.005837100003571622,434.0650442874466,True,False
robot2,915,1722894658198567854,477274.3746269337,4428514.801914568,1627.058090757413,0.0027016763317845114,0.005420349150238549,434.0677459637784,True,False
robot2,916,1722894658701535364,477274.37380476913,4428514.801869243,1627.0578195932749,0.000823412976175707,0.001637109393598344,434.06856937675457,True,False
robot2,917,1722894659201211276,477274.3726002353,4428514.800778839,1627.058242125353,0.001624771966355155,0.0032516510731600366,434.07019414872093,True,False
robot2,918,1722894659698898719,477274.3739698808,4428514.803238588,1627.0565076906717,0.002815367980558819,0.005656900940634695,434.07300951670146,True,False
robot2,919,1722894660200106337,477274.3703504171,4428514.802003312,1627.0599886482803,0.003824451001054741,0.007630476664399807,434.0768339677025,True,False
robot2,920,1722894660701787743,477274.37221596006,4428514.802744843,1627.060820970973,0.002007515620530266,0.004001573419534968,434.078841483323,True,False
robot2,921,1722894661200831554,477274.3666827607,4428514.798739054,1627.0626160816262,0.006831005720951699,0.013688191392462617,434.08567248904393,True,False
robot2,922,1722894661703074197,477274.3702996944,4428514.800563458,1627.062862400731,0.00405100726194885,0.008065834359645807,434.08972349630585,True,False
robot2,923,1722894662205869625,477274.3714055014,4428514.805164958,1627.06295899547,0.004732505812651108,0.009412387758994856,434.0944560021185,True,False
robot2,924,1722894662703402961,477274.3727475412,4428514.8038251,1627.0628964169075,0.0018963890210666374,0.0038115819374756835,434.09635239113953,True,False
robot2,925,1722894663201866086,477274.3754532195,4428514.8053979855,1627.0611670220078,0.0031296428318767504,0.006278587102585961,434.0994820339714,True,False
robot2,926,1722894663703169853,477274.3712858181,4428514.79700749,1627.059885019832,0.009368439043814193,0.01868814273006217,434.10885047301525,True,False
robot2,927,1722894664216480083,477274.3755044077,4428514.798311827,1627.060836007097,0.004415630479569693,0.00860226531841745,434.1132661034948,True,False
robot2,928,1722894664700860865,477274.37420424185,4428514.799460866,1627.062400730198,0.0017351430291881666,0.0035821866894279273,434.115001246524,True,False
robot2,929,1722894665199846753,477274.3711939039,4428514.79788495,1627.063481748354,0.003397888027512122,0.006809589069962417,434.1183991345515,True,False
robot2,930,1722894665701207375,477274.3723495119,4428514.79555252,1627.064450155231,0.002603010002178205,0.005191891260505841,434.1210021445537,True,False
robot2,931,1722894666200767859,477274.3701633344,4428514.795517751,1627.0642445408987,0.002186453939967113,0.004376756308008093,434.12318859849364,True,False
robot2,932,1722894666701548880,477274.3712906191,4428514.7951206425,1627.0643649392591,0.0011951844471538844,0.0023866406786785008,434.1243837829408,True,False
robot2,933,1722894667200831004,477274.3732977674,4428514.799273065,1627.0636972069512,0.0046120775521210486,0.009237417788568927,434.1289958604929,True,False
robot2,934,1722894667701587967,477274.3740056661,4428514.795395558,1627.0624198410114,0.003941596777069389,0.007871276771878497,434.13293745727,True,False
robot2,935,1722894668201008367,477274.615504855,4428514.821951348,1627.060561095547,0.2429548687354588,0.48647365341571014,434.37589232600544,False,False
robot2,936,1722894668699678626,477275.1287641528,4428514.864833591,1627.045895031828,0.5150475643055284,1.0328417862887704,434.89093989031096,False,False
robot2,937,1722894669206105930,477275.8804801751,4428514.920367754,1627.02755376779,0.7537645663215118,1.4883964274828432,435.6447044566325,False,False
robot2,938,1722894669700815542,477276.8665607853,4428514.981879359,1627.0052085256068,0.9879972911676604,1.9971252452856667,436.6327017478002,False,False
robot2,939,1722894670199869482,477278.0777112233,4428515.039716279,1626.9602159705378,1.2125306151959825,2.429659523051243,437.84523236299617,False,False
robot2,940,1722894670706245261,477279.40695969487,4428515.032088625,1626.923853526127,1.329270356374591,2.625065727271533,439.17450271937076,False,False
robot2,941,1722894671201498682,477280.6672677261,4428514.963561717,1626.8764287789857,1.2621696679399352,2.548534685375677,440.4366723873107,False,False
robot2,942,1722894671700314322,477281.7834118452,4428514.857434271,1626.850964263289,1.121178277328822,2.2476800728967024,441.5578506646395,False,False
robot2,943,1722894672205074416,477282.58618698455,4428514.762355055,1626.8234188655351,0.8083860350649912,1.6015247050080499,442.3662366997045,False,False
robot2,944,1722894672708774608,477283.3340765877,4428514.696927958,1626.7963859529805,0.7507460046164834,1.4904625330432115,443.11698270432095,False,False
robot2,945,1722894673201847697,477284.2246878711,4428514.65695844,1626.7609075731552,0.8915077231955545,1.8080635450382245,444.0084904275165,False,False
robot2,946,1722894673701411380,477285.132181017,4428514.624179946,1626.736354629503,0.9080849296925958,1.8177569226621475,444.9165753572091,False,False
robot2,947,1722894674201681753,477285.9936898017,4428514.595454656,1626.7360957925846,0.8619875454077732,1.7230433838161265,445.7785629026169,False,False
robot2,948,1722894674700265306,477287.03339670185,4428514.555316133,1626.7152955876318,1.0404813977900647,2.0868746810706615,446.819044300407,False,False
robot2,949,1722894675200233385,477287.92578798014,4428514.527691848,1626.7122283497265,0.8928187356549887,1.7857507224458442,447.71186303606197,False,False
robot2,950,1722894675702126922,477288.7507328895,4428514.486144882,1626.708125877395,0.8259904683933496,1.6457492023127243,448.5378535044553,False,False
robot2,951,1722894676202771062,477289.5499797237,4428514.482253368,1626.698754544862,0.7992563079708631,1.596455720039309,449.33710981242615,False,False
robot2,952,1722894676701244820,477290.31325669726,4428514.4815024985,1626.6712690639174,0.7632773428964247,1.5312283540315637,450.10038715532255,False,False
robot2,953,1722894677203652300,477291.1382729151,4428514.462359904,1626.6503772427416,0.8252382677717923,1.6425674065575038,450.92562542309435,False,False
robot2,954,1722894677700258229,477292.0857545564,4428514.4253928615,1626.6314609759552,0.9482025220812013,1.9093663072227929,451.87382794517555,False,False
robot2,955,1722894678204361043,477293.0253054764,4428514.395892125,1626.6111805050489,0.9400139492126007,1.8647270413922927,452.81384189438813,False,False
robot2,956,1722894678702241753,477293.933136921,4428514.392445928,1626.5888098138812,0.9078379856238311,1.8234037911173957,453.72167988001195,False,False
robot2,957,1722894679204810487,477294.9790422437,4428514.377263329,1626.556789593216,1.0460155138791176,2.081339257291051,454.7676953938911,False,False
robot2,958,1722894679701721546,477295.8748326836,4428514.361108733,1626.5479516835553,0.8959360932577288,1.8030101471671176,455.6636314871488,False,False
robot2,959,1722894680202666012,477296.6021238422,4428514.339380336,1626.5326400522438,0.7276156627488499,1.4524879360273113,456.39124714989765,False,False
robot2,960,1722894680703434126,477297.3362199482,4428514.320345751,1626.5152597893673,0.7343428410638325,1.4664326999122046,457.1255899909615,False,False
robot2,961,1722894681205810715,477298.0646235259,4428514.296535149,1626.4976138936497,0.7287926431847541,1.4506899932041777,457.85438263414625,False,False
robot2,962,1722894681703848606,477298.8596375897,4428514.26764923,1626.4780689138352,0.7955386590449287,1.5973458940959886,458.6499212931912,False,False
robot2,963,1722894682201726441,477299.74139056646,4428514.257708998,1626.468566251922,0.8818090043694091,1.7711352870237487,459.5317302975606,False,False
robot2,964,1722894682701464802,477300.62795156415,4428514.259749406,1626.456051025423,0.8865633456744255,1.7740546822557737,460.418293643235,False,False
robot2,965,1722894683210922809,477301.53128819866,4428514.2528476,1626.4395336144569,0.903363000225996,1.7731850469926569,461.32165664346104,False,False
robot2,966,1722894683700957562,477302.42017210857,4428514.255823538,1626.4132033151452,0.8888888915391253,1.8139300672332126,462.21054553500016,False,False
robot2,967,1722894684204778889,477303.2293364167,4428514.256546233,1626.3969710500678,0.8091646308610181,1.6060545944400815,463.01971016586117,False,False
robot2,968,1722894684701999646,477303.9503422809,4428514.25456266,1626.3771394171556,0.721008592725433,1.4500774274225805,463.7407187585866,False,False
robot2,969,1722894685212428198,477304.6852427956,4428514.239675332,1626.349908986153,0.7350512900921425,1.4400666293171278,464.4757700486787,False,False
robot2,970,1722894685701700109,477305.30520837806,4428514.242493805,1626.336960174334,0.6199719890491343,1.267131865554376,465.09574203772786,False,False
robot2,971,1722894686206077792,477305.9716105861,4428514.244805553,1626.326431285745,0.6664062177509708,1.321244664881647,465.76214825547885,False,False
robot2,972,1722894686704330252,477306.8042886587,4428514.243161383,1626.3041615146212,0.832679695871805,1.6712005994356913,466.5948279513507,False,False
robot2,973,1722894687199056662,477307.6302108996,4428514.23298085,1626.2981142533092,0.8259849824212298,1.669579286550765,467.4208129337719,False,False
robot2,974,1722894687702225005,477308.37391255086,4428514.225985442,1626.2817421950406,0.7437345506665209,1.4781028234377513,468.16454748443846,False,False
robot2,975,1722894688200097081,477309.1597063986,4428514.184814429,1626.2693037357917,0.7868716690223707,1.5804694551249483,468.95141915346085,False,False
robot2,976,1722894688705144932,477309.9936565136,4428514.137721085,1626.2410727923873,0.8352787422675063,1.6538607738039934,469.78669789572837,False,False
robot2,977,1722894689202404285,477310.7461180791,4428514.072005296,1626.2182718021995,0.7553257393495438,1.5189773629397112,470.5420236350779,False,False
robot2,978,1722894689705426909,477311.4191526297,4428514.013898139,1626.1982826665374,0.6755382653669663,1.3429578916698162,471.2175619004449,False,False
robot2,979,1722894690207457889,477312.0697816396,4428513.963912105,1626.1779260811295,0.6525463294925443,1.2998132090858951,471.87010822993744,False,False
robot2,980,1722894690703201265,477312.7860458134,4428513.916547064,1626.1693256099277,0.7178285406802252,1.4479837288861444,472.58793677061766,False,False
robot2,981,1722894691203186691,477313.5211106093,4428513.900233359,1626.1455449096352,0.735245803186554,1.470534379904628,473.3231825738042,False,False
robot2,982,1722894691702493368,477314.1148557833,4428513.892913925,1626.16444137706,0.5937902876943121,1.1892296116581467,473.91697286149855,False,False
robot2,983,1722894692203286799,477314.7329371831,4428513.906034732,1626.160962503314,0.6182206502341827,1.2344822831732907,474.53519351173276,False,False
robot2,984,1722894692701205203,477315.33590131946,4428513.946310175,1626.1625908203457,0.6043077535299042,1.2136683302176579,475.13950126526265,False,False
robot2,985,1722894693203431993,477316.0179274448,4428514.141391654,1626.1542179292044,0.709377486976934,1.4124650098848286,475.8488787522396,False,False
robot2,986,1722894693708356326,477316.3306305893,4428514.402406469,1626.1462992768663,0.40732295595906287,0.8067006594420177,476.25620170819866,False,False
robot2,987,1722894694203248733,477316.7851484076,4428514.609630412,1626.1376864471144,0.4995279871314553,1.0093669426680514,476.7557296953301,False,False
robot2,988,1722894694702226661,477317.4228071379,4428514.925848912,1626.1316076611315,0.7117603501477633,1.4264366233207417,477.46749004547786,False,False
robot2,989,1722894695201370848,477317.9355223367,4428515.252497087,1626.1372175433164,0.6079275492762299,1.2179394418221416,478.0754175947541,False,False
robot2,990,1722894695704483576,477318.5436380265,4428515.79433353,1626.0973117293445,0.8144884422488075,1.6188990612190852,478.8899060370029,False,False
robot2,991,1722894696204312041,477318.6327773312,4428516.197534625,1626.0961425575524,0.4129369676662641,0.8261571799482655,479.30284300466917,False,False
robot2,992,1722894696701287006,477318.70243040833,4428516.523578964,1626.084054917813,0.33340135270447596,0.6708614911333534,479.63624435737364,False,False
robot2,993,1722894697203639843,477318.7167475626,4428516.968156691,1626.0765683630102,0.4448082011801503,0.8854499802767459,480.0810525585538,False,False
robot2,994,1722894697703053571,477318.6986023916,4428517.355964109,1626.0689200708985,0.3882316848810882,0.7773748748974135,480.46928424343486,False,False
robot2,995,1722894698201529732,477318.70272846025,4428517.88715262,1626.046076998423,0.5312045349762909,1.0656566225738844,481.0004887784111,False,False
robot2,996,1722894698703297840,477318.7430331368,4428518.67972547,1626.034705237141,0.7935969947546577,1.5816010931875044,481.79408577316576,False,False
robot2,997,1722894699205177160,477318.7883761608,4428519.324121596,1626.01644768355,0.6459894406054855,1.2871412503025368,482.44007521377125,False,False
robot2,998,1722894699702083539,477318.828822682,4428519.913769112,1626.0039039581568,0.5910330902922178,1.1894251086855918,483.0311083040635,False,False
robot2,999,1722894700201997367,477318.872900494,4428520.670910394,1625.9880089554688,0.7584232157561293,1.5171083072404943,483.7895315198196,False,False
robot2,1000,1722894700702491619,477318.92749966856,4428521.460148339,1625.974194399579,0.7911242659815817,1.5806852970111898,484.5806557858012,False,False
robot2,1001,1722894701202285885,477318.9662295356,4428522.144899851,1625.9700421792738,0.6858459267005537,1.3722572059487241,485.26650171250174,False,False
robot2,1002,1722894701701491473,477319.0002314188,4428522.884036727,1625.9537867229185,0.7399185430319436,1.4821920244878037,486.00642025553367,False,False
robot2,1003,1722894702200609680,477319.0251535216,4428523.636764512,1625.948571487155,0.7531402457322823,1.5089412737207957,486.7595605012659,False,False
robot2,1004,1722894702701442447,477319.0634366332,4428524.475083152,1625.9319279718484,0.8391923127964334,1.6755937696904197,487.5987528140624,False,False
robot2,1005,1722894703202454073,477319.1020502231,4428525.3239171365,1625.9208889751578,0.8497117999050411,1.695992234296224,488.4484646139674,False,False
robot2,1006,1722894703701516790,477319.1435481424,4428526.141386823,1625.9216047005932,0.8185223059124873,1.6401189276134576,489.2669869198799,False,False
robot2,1007,1722894704200766046,477319.19031562464,4428526.956239144,1625.907189789628,0.8161933001946374,1.634842193932751,490.08318022007455,False,False
robot2,1008,1722894704702050219,477319.2310569003,4428527.774758327,1625.8918401705344,0.8195324909160512,1.6348654673131662,490.9027127109906,False,False
robot2,1009,1722894705201029569,477319.2826359472,4428528.563946734,1625.8952066156285,0.7908721390949636,1.5849797605750962,491.6935848500856,False,False
robot2,1010,1722894705703713417,477319.34625992726,4428529.547254161,1625.8548220152495,0.9853636417215015,1.9602053794719434,492.6789484918071,False,False
robot2,1011,1722894706203639183,477319.430986192,4428530.670713595,1625.8654311424564,1.1266497415305212,2.2536336887252926,493.8055982333376,False,False
robot2,1012,1722894706700856659,477319.5132233386,4428531.64997778,1625.867120328802,0.9827111945889584,1.9764215038685304,494.78830942792655,False,False
robot2,1013,1722894707201764000,477319.51302381663,4428532.543649064,1625.8690539656436,0.8936713067024643,1.7841047447818437,495.681980734629,False,False
robot2,1014,1722894707703017423,477319.5384023771,4428533.580484511,1625.8598779552403,1.037145995215476,2.0691052960276766,496.7191267298445,False,False
robot2,1015,1722894708202201985,477319.5770236545,4428534.736796137,1625.836572805283,1.1569564289971488,2.317692511729513,497.87608315884165,False,False
robot2,1016,1722894708708787564,477319.61203171854,4428535.874419238,1625.823409653153,1.1381616254092417,2.2467321723781715,499.0142447842509,False,False
robot2,1017,1722894709204421598,477319.6543553157,4428536.980770397,1625.8299421727795,1.107160409775169,2.233826237402412,500.12140519402607,False,False
robot2,1018,1722894709706466623,477319.6925648605,4428538.047226623,1625.8120346838075,1.0671405018311644,2.1255866969613675,501.1885456958572,False,False
robot2,1019,1722894710203350948,477319.7429124495,4428539.1055648085,1625.809966996363,1.059535084451375,2.1323575454994805,502.2480807803086,False,False
robot2,1020,1722894710701778396,477319.7654541277,4428540.061032827,1625.7923432528044,0.9557338864483411,1.9174987241986452,503.20381466675695,False,False
robot2,1021,1722894711203020952,477319.77921936667,4428541.051111595,1625.787196878945,0.9901744534053283,1.975439396134914,504.19398912016226,False,False
robot2,1022,1722894711716178472,477319.7751175708,4428542.081711414,1625.7812564623566,1.0306079820547138,2.008366335382275,505.224597102217,False,False
robot2,1023,1722894712205716861,477319.78845019016,4428543.210562752,1625.7675619703057,1.1289300689564405,2.3061112204486567,506.3535271711734,False,False
robot2,1024,1722894712703565991,477319.8027365055,4428544.334023692,1625.7823879107111,1.1235517712611274,2.2568113247720722,507.47707894243456,False,False
robot2,1025,1722894713201351106,477319.8171586447,4428545.49991688,1625.766930439806,1.1659823864469585,2.3423409149666137,508.6430613288815,False,False
robot2,1026,1722894713699038646,477319.8381248422,4428546.642695137,1625.759974861063,1.1429705708803752,2.2965623835965845,509.7860318997619,False,False
robot2,1027,1722894714204187610,477319.86627056,4428547.802327196,1625.7342820136232,1.1599735743802146,2.2963003636662935,510.9460054741421,False,False
robot2,1028,1722894714700525862,477319.8993755696,4428548.949119345,1625.7130786338237,1.1472698789127074,2.3114683555008035,512.0932753530548,False,False
robot2,1029,1722894715203136917,477319.9228945657,4428550.036389207,1625.711774682417,1.0875242040348572,2.1637486191763866,513.1807995570896,False,False
robot2,1030,1722894715700643933,477319.8881272871,4428551.037029936,1625.6793944843748,1.0012445420969884,2.0125241052935703,514.1820440991866,False,False
robot2,1031,1722894716201123952,477319.8588591004,4428552.112238228,1625.675079529639,1.0756065724399795,2.1491492093580478,515.2576506716265,False,False
robot2,1032,1722894716710865302,477319.8367035992,4428553.220284086,1625.6489609521568,1.108267336130247,2.174175025760129,516.3659180077567,False,False
robot2,1033,1722894717201041656,477319.8115413493,4428554.25821171,1625.6400809322472,1.038232580469048,2.1180803528064183,517.4041505882258,False,False
robot2,1034,1722894717700750014,477319.8260107047,4428555.33073514,1625.614460876652,1.0726210281935065,2.146493831153697,518.4767716164192,False,False
robot2,1035,1722894718206308162,477319.8949905959,4428556.356085439,1625.6064998992438,1.0276679728441231,2.0327399518086593,519.5044395892634,False,False
robot2,1036,1722894718703129883,477319.830251604,4428557.374280307,1625.58596431275,1.0202509136254867,2.053555697933284,520.5246905028888,False,False
robot2,1037,1722894719200280774,477319.7954973488,4428558.397134168,1625.5798568893435,1.0234441257165703,2.058617693466542,521.5481346286053,False,False
robot2,1038,1722894719704964512,477319.7907798423,4428559.370422653,1625.554294062472,0.9732999176037976,1.9285343552571546,522.5214345462091,False,False
robot2,1039,1722894720203912746,477319.8891564549,4428560.414070247,1625.5252942522382,1.048273942243794,2.1009679124252965,523.5697084884529,False,False
robot2,1040,1722894720701545522,477319.92190239736,4428561.513836079,1625.5033585653373,1.1002532359243042,2.210974365676429,524.6699617243772,False,False
robot2,1041,1722894721204746277,477319.95770375134,4428562.540589615,1625.4773828601144,1.0273775156176594,2.0416851047202784,525.6973392399949,False,False
robot2,1042,1722894721702648291,477320.00031707535,4428563.637948017,1625.4595691699203,1.098185484117524,2.205625087701202,526.7955247241124,False,False
robot2,1043,1722894722204314463,477320.0234610961,4428564.68543624,1625.4374216232768,1.0477438735757199,2.0885284819043104,527.8432685976882,False,False
robot2,1044,1722894722704968078,477320.04936841055,4428565.676313418,1625.4162048881751,0.9912158039313468,1.979842987928183,528.8344844016195,False,False
robot2,1045,1722894723203068016,477320.0668652317,4428566.663469951,1625.387789863738,0.9873115814236205,1.9821561334586537,529.8217959830431,False,False
robot2,1046,1722894723704853299,477320.0796341383,4428567.596479582,1625.3710898334411,0.933097002736241,1.859554361299142,530.7548929857793,False,False
robot2,1047,1722894724201986827,477320.1141127496,4428568.660982692,1625.3568045864022,1.065061334319914,2.1424051052876596,531.8199543200992,False,False
robot2,1048,1722894724705312924,477320.1378115732,4428569.708882744,1625.3356754737354,1.0481679993097504,2.0824825847800335,532.8681223194089,False,False
robot2,1049,1722894725205943649,477320.1602757477,4428570.663165908,1625.3098368316869,0.9545475347019128,1.906690286246895,533.8226698541108,False,False
robot2,1050,1722894725701751212,477320.194874374,4428571.63605824,1625.2874261717393,0.9735073468621472,1.96347787568057,534.7961772009729,False,False
robot2,1051,1722894726202296678,477320.2315582907,4428572.544232005,1625.274138313507,0.9089143509043501,1.8158484707845854,535.7050915518772,False,False
robot2,1052,1722894726704602686,477320.2572834162,4428573.2978468,1625.2347101559951,0.7540537384801443,1.501183350075219,536.4591452903574,False,False
robot2,1053,1722894727201593784,477320.2883951907,4428574.106069821,1625.2281756973794,0.8088216085993267,1.6274366180200595,537.2679668989567,False,False
robot2,1054,1722894727703314084,477320.3290050111,4428574.988928973,1625.2015270210895,0.8837926450520165,1.7615249746419008,538.1517595440088,False,False
robot2,1055,1722894728200985234,477320.3566134787,4428575.672033239,1625.1789522655135,0.6836619532136351,1.3737216972488364,538.8354214972225,False,False
robot2,1056,1722894728701075627,477320.3889903301,4428576.322586555,1625.1605349905,0.6513584860180124,1.3024815858927918,539.4867799832405,False,False
robot2,1057,1722894729202487914,477320.4153500089,4428576.993076295,1625.1482736423166,0.6710076926604214,1.3382364335997574,540.1577876759009,False,False
robot2,1058,1722894729699571752,477320.45223146304,4428577.732628417,1625.1315748325403,0.7404711902676852,1.4896301947289672,540.8982588661686,False,False
robot2,1059,1722894730201002148,477320.49403091177,4428578.522084365,1625.11764967381,0.7905617540098779,1.5766127826665153,541.6888206201785,False,False
robot2,1060,1722894730701863222,477320.5337076869,4428579.236345084,1625.0978577693502,0.7153618819960849,1.4282644939499156,542.4041825021745,False,False
robot2,1061,1722894731199975729,477320.5735680023,4428580.001545142,1625.0437254936078,0.7662375437865713,1.5382815511766939,543.1704200459611,False,False
robot2,1062,1722894731701830363,477320.6237325572,4428580.766804229,1625.039516720998,0.7669015266024628,1.5281347182567107,543.9373215725636,False,False
robot2,1063,1722894732200714795,477320.670407944,4428581.472411809,1625.017764017698,0.7071496650071043,1.417461859024206,544.6444712375708,False,False
robot2,1064,1722894732700505348,477320.720286713,4428582.120059378,1624.9983063724703,0.6495654442588147,1.2996756343837483,545.2940366818295,False,False
robot2,1065,1722894733204394974,477320.75173187495,4428582.611340328,1624.9869981660604,0.4922862680636396,0.9769720858117945,545.7863229498931,False,False
robot2,1066,1722894733705418498,477320.7953901385,4428583.147272436,1624.9725098714534,0.5377074187509856,1.073217894019084,546.3240303686441,False,False
robot2,1067,1722894734200023651,477320.8438785175,4428583.744061839,1624.9481979937314,0.5987559722421242,1.2105738807548287,546.9227863408862,False,False
robot2,1068,1722894734700754075,477320.8973889326,4428584.323664799,1624.9309897142643,0.5820678279536979,1.1624373012383045,547.5048541688399,False,False
robot2,1069,1722894735212239090,477320.9320223008,4428584.730629873,1624.9205141693294,0.4084360926188028,0.7985301686577803,547.9132902614587,False,False
robot2,1070,1722894735704262805,477320.9798994944,4428585.191855433,1624.8991933542322,0.46370383091435446,0.9424415940798511,548.376994092373,False,False
robot2,1071,1722894736199039042,477321.015659264,4428585.676434892,1624.8881170270115,0.48589712187396344,0.9820547309273729,548.862891214247,False,False
robot2,1072,1722894736702331435,477321.0582882652,4428586.175641083,1624.8723247282703,0.5010230062628535,0.9954910579874812,549.3639142205099,False,False
robot2,1073,1722894737200867830,477321.08801024273,4428586.576362447,1624.8623955558646,0.4018221090147213,0.8060032496811985,549.7657363295245,False,False
robot2,1074,1722894737703624426,477321.1078345037,4428587.000780394,1624.845745305332,0.42488068373843957,0.8451021576785055,550.190617013263,False,False
robot2,1075,1722894738205842646,477321.131908728,4428587.473006103,1624.8221806350202,0.4728389666778249,0.941500970963869,550.6634559799409,False,False
robot2,1076,1722894738700756578,477321.1616252213,4428587.91825365,1624.7984222459634,0.44623810671007424,0.9016481089760192,551.109694086651,False,False
robot2,1077,1722894739201932215,477321.18555667327,4428588.340725396,1624.7974088201895,0.4231490168392867,0.8443128144440954,551.5328431034902,False,False
robot2,1078,1722894739700535553,477321.1978237471,4428588.619961566,1624.7924085551297,0.2795054918884621,0.5605768498593426,551.8123485953787,False,False
robot2,1079,1722894740200604423,477321.21266552695,4428588.884816921,1624.781106708312,0.2652708757359142,0.5304686497415888,552.0776194711146,False,False
robot2,1080,1722894740704767590,477321.2272309825,4428589.204184883,1624.7680756528905,0.3196999337201923,0.6341201490780286,552.3973194048349,False,False
robot2,1081,1722894741205782546,477321.2563581449,4428589.605776987,1624.7583034348602,0.40264700346123206,0.8036626554875607,552.7999664082961,False,False
robot2,1082,1722894741703134381,477321.2843976721,4428590.05311998,1624.743900884463,0.448220892257806,0.9012143937767838,553.2481873005539,False,False
robot2,1083,1722894742203146285,477321.3076841119,4428590.432823793,1624.7302253416528,0.3804171973773304,0.7608166182585867,553.6286044979313,False,False
robot2,1084,1722894742702259110,477321.3385423623,4428590.817590172,1624.713142598632,0.3860018112851305,0.7733754624370259,554.0146063092164,False,False
robot2,1085,1722894743200374404,477321.3059411182,4428591.231514984,1624.7025672093123,0.4152066842145397,0.833555370153831,554.429812993431,False,False
robot2,1086,1722894743700425794,477321.25472120655,4428591.698401498,1624.6864166624462,0.46968765811041435,0.9392794691833201,554.8995006515414,False,False
robot2,1087,1722894744200787371,477321.1371210599,4428592.1812665695,1624.6719455888203,0.4969793477775635,0.9932397500802058,555.396479999319,False,False
robot2,1088,1722894744700399863,477321.0150332612,4428592.586772777,1624.6634528976492,0.4234863811161425,0.8476299612894141,555.8199663804352,False,False
robot2,1089,1722894745206631323,477320.8738589551,4428593.05089469,1624.642048460264,0.4851178562626928,0.9582924250980613,556.3050842366979,False,False
robot2,1090,1722894745699091838,477320.7188696714,4428593.513456734,1624.624182013483,0.48783739376264695,0.9906127305019565,556.7929216304606,False,False
robot2,1091,1722894746203926184,477320.5726274402,4428594.032833351,1624.618326815258,0.5395728499392274,1.06881104111659,557.3324944803998,False,False
robot2,1092,1722894746700273805,477320.4082850371,4428594.555105769,1624.5979727197766,0.5475188620782797,1.103095470813642,557.880013342478,False,False
robot2,1093,1722894747201098763,477320.2209314243,4428595.021209041,1624.5874538566318,0.5023481223282987,1.003041847764328,558.3823614648063,False,False
robot2,1094,1722894747700860486,477320.05317632464,4428595.456428219,1624.5698062910674,0.46643060184571605,0.9333057935388753,558.848792066652,False,False
robot2,1095,1722894748200732468,477319.7956777195,4428595.927027717,1624.5569511912515,0.536441441091548,1.0731576766054065,559.3852335077436,False,False
robot2,1096,1722894748705677475,477319.4955399372,4428596.331113849,1624.5559003277867,0.5033570205274938,0.996855065211769,559.888590528271,False,False
robot2,1097,1722894749202982458,477319.17260467465,4428596.717071622,1624.5370303232369,0.5032400880643509,1.0119346732497572,560.3918306163354,False,False
robot2,1098,1722894749704659438,477318.8206617256,4428597.157299412,1624.5502596205074,0.5636171991038713,1.1234662110051887,560.9554478154392,False,False
robot2,1099,1722894750202225381,477318.41445259954,4428597.578193488,1624.5314555614711,0.5849424558173092,1.1756078063485027,561.5403902712566,False,False
robot2,1100,1722894750701977431,477318.01502967154,4428597.97569996,1624.5425840762032,0.5635158127403093,1.1275913477100832,562.1039060839969,False,False
robot2,1101,1722894751205890359,477317.5957202069,4428598.294833138,1624.5549372761927,0.5269406152951288,1.0456972605502173,562.630846699292,False,False
robot2,1102,1722894751703468251,477317.0666398796,4428598.654671824,1624.549864816765,0.6398514457695366,1.285932189708806,563.2706981450615,False,False
robot2,1103,1722894752201211191,477316.58352664375,4428598.885917505,1624.5519511506957,0.5356052314292298,1.0760680680296808,563.8063033764907,False,False
robot2,1104,1722894752704130827,477316.113961392,4428599.002354886,1624.5546695023563,0.4837863054629157,0.961955418630495,564.2900896819536,False,False
robot2,1105,1722894753212630875,477315.60767646966,4428599.107491965,1624.575137272435,0.5170862867993253,1.016885798204315,564.807175968753,False,False
robot2,1106,1722894753700552974,477314.90987095353,4428599.317067632,1624.5739674065503,0.7285976245914421,1.4932660106574385,565.5357735933444,False,False
robot2,1107,1722894754205597134,477314.3202651544,4428599.462870942,1624.5714172181483,0.6073661198614514,1.2025998784876828,566.1431397132059,False,False
robot2,1108,1722894754702448177,477313.89423997264,4428599.527945527,1624.57755353309,0.4309665382000432,0.8673959929050848,566.574106251406,False,False
robot2,1109,1722894755200605492,477313.2961967636,4428599.635144945,1624.58975465232,0.6075750119919932,1.2196449943826908,567.181681263398,False,False
robot2,1110,1722894755701802333,477312.765908628,4428599.722683256,1624.5812463754378,0.5374648476934064,1.0723627564917835,567.7191461110914,False,False
robot2,1111,1722894756202592420,477312.1868583777,4428599.792790521,1624.591852299854,0.5832788535709834,1.1647166218979828,568.3024249646624,False,False
robot2,1112,1722894756701122096,477311.7020463094,4428599.748085288,1624.5816198403463,0.48686887287984504,0.9766100845321751,568.7892938375422,False,False
robot2,1113,1722894757202602780,477311.0930467365,4428599.752167161,1624.5852626707908,0.6090132523244766,1.214429806114095,569.3983070898668,False,False
robot2,1114,1722894757704373774,477310.49995327246,4428599.744141624,1624.597665768193,0.593147760944686,1.1821085567292953,569.9914548508115,False,False
robot2,1115,1722894758202961954,477309.9488304855,4428599.744066948,1624.60891915833,0.5511227920021236,1.1053669519783451,570.5425776428136,False,False
robot2,1116,1722894758700398853,477309.30756954144,4428599.716523503,1624.61486195231,0.6418521946395905,1.2903185615167225,571.1844298374532,False,False
robot2,1117,1722894759205003165,477308.6588210763,4428599.707956897,1624.6271419159934,0.6488050229466422,1.2857698042419778,571.8332348603998,False,False
robot2,1118,1722894759703949167,477307.9112384886,4428599.704126973,1624.6321418513978,0.7475923980838752,1.4983441655888672,572.5808272584836,False,False
robot2,1119,1722894760201349654,477307.0870665659,4428599.698382501,1624.6359841383749,0.8241919419725448,1.6569977514598981,573.4050192004562,False,False
robot2,1120,1722894760701994229,477306.3647656054,4428599.70224176,1624.6555135326023,0.7223112704006178,1.4427629768181103,574.1273304708568,False,False
robot2,1121,1722894761202349074,477305.6512859983,4428599.712986733,1624.6476056370548,0.7135605119690641,1.4261091514475535,574.8408909828258,False,False
robot2,1122,1722894761705047754,477304.82108606986,4428599.732251081,1624.6453349999829,0.8304234078251493,1.6519300332822324,575.671314390651,False,False
robot2,1123,1722894762203393668,477304.0438882979,4428599.750666843,1624.658031244597,0.7774159227854451,1.559992763708732,576.4487303134364,False,False
robot2,1124,1722894762702576461,477303.2425847716,4428599.780344146,1624.66515563589,0.801852906492112,1.6063315189162906,577.2505832199284,False,False
robot2,1125,1722894763200292071,477302.56462542096,4428599.812604643,1624.6738187198575,0.6787264697860828,1.3636830302440712,577.9293096897145,False,False
robot2,1126,1722894763702011807,477301.8635416733,4428599.816423621,1624.6932153685598,0.7010941490535936,1.3973821051728592,578.6304038387681,False,False
robot2,1127,1722894764201456738,477301.16591686086,4428599.825955818,1624.693550268535,0.6976899323481665,1.3969312319024776,579.3280937711162,False,False
robot2,1128,1722894764700256347,477300.3824058356,4428599.839803775,1624.6876411264498,0.7836333916980414,1.5710379000288996,580.1117271628142,False,False
robot2,1129,1722894765200370013,477299.5573536384,4428599.865891956,1624.7049796607866,0.8254645487860884,1.650554463818983,580.9371917116002,False,False
robot2,1130,1722894765704947499,477298.7818405626,4428599.892149976,1624.7134429999592,0.7759574823472193,1.5378356587367656,581.7131491939474,False,False
robot2,1131,1722894766201923882,477298.07538729016,4428599.917873597,1624.7189964031325,0.7069214459704298,1.4224447694231903,582.4200706399179,False,False
robot2,1132,1722894766704239259,477297.35002897226,4428599.9449678045,1624.7267612547362,0.7258641645884933,1.445036304664267,583.1459348045064,False,False
robot2,1133,1722894767201256284,477296.5996446908,4428599.971639063,1624.7394563562852,0.7508581263368272,1.5107295469371498,583.8967929308433,False,False
robot2,1134,1722894767702657644,477295.8569413504,4428600.000674264,1624.7272010440845,0.7432706739383973,1.4823871476724837,584.6400636047816,False,False
robot2,1135,1722894768206133084,477295.0891836348,4428600.018841015,1624.744780697025,0.7679726171718261,1.5253427973448577,585.4080362219535,False,False
robot2,1136,1722894768704764274,477294.3041294818,4428600.034350828,1624.7570304780352,0.7852073467907877,1.574725539587383,586.1932435687443,False,False
robot2,1137,1722894769201553769,477293.4824434032,4428600.054511328,1624.7633931944652,0.8219333655840787,1.6544903613129636,587.0151769343283,False,False
robot2,1138,1722894769703491694,477292.6372302366,4428600.075168175,1624.7589693779946,0.8454655535982731,1.6844020125196832,587.8606424879266,False,False
robot2,1139,1722894770200776439,477291.9138487983,4428600.097667503,1624.8062458543302,0.7237312519493895,1.4553661585598805,588.584373739876,False,False
robot2,1140,1722894770700520401,477291.3108636568,4428600.124602144,1624.806146908271,0.6035864111600746,1.2077907839706163,589.1879601510361,False,False
robot2,1141,1722894771201371664,477290.64129539137,4428600.174403434,1624.8104059434795,0.6714177764791315,1.3405535171038943,589.8593779275152,False,False
robot2,1142,1722894771700185235,477289.8400269703,4428600.194374739,1624.80905769835,0.8015172709455353,1.6068471751879108,590.6608951984607,False,False
robot2,1143,1722894772201320096,477289.1962466218,4428600.184597282,1624.817151988091,0.6438545921475661,1.2847930318980554,591.3047497906083,False,False
robot2,1144,1722894772703428405,477288.6398858104,4428600.154845462,1624.823374179082,0.5571557441430072,1.109633059867213,591.8619055347513,False,False
robot2,1145,1722894773203668619,477287.84800778056,4428600.1420955695,1624.8442526176325,0.7919806650892683,1.5831996074212507,592.6538861998405,False,False
robot2,1146,1722894773702081793,477286.9966915725,4428600.122383317,1624.8592755202235,0.8515443963979222,1.7085121313322398,593.5054305962384,False,False
robot2,1147,1722894774201034205,477286.1170941572,4428600.111532282,1624.8729604228208,0.8796643438924988,1.763021769943736,594.3850949401309,False,False
robot2,1148,1722894774704011655,477285.2624870725,4428600.100780165,1624.8780678483602,0.8546747201470299,1.6992309576096245,595.239769660278,False,False
robot2,1149,1722894775203258782,477284.41402565385,4428600.094611838,1624.8846420948655,0.8484838402585996,1.6995261044711212,596.0882535005366,False,False
robot2,1150,1722894775704310163,477283.54867933993,4428600.096389659,1624.8853744546054,0.8653481401492062,1.7270653412488985,596.9536016406857,False,False
robot2,1151,1722894776203376306,477282.6552586205,4428600.110189216,1624.89660393587,0.8935272853608822,1.7903986256193354,597.8471289260466,False,False
robot2,1152,1722894776700526621,477281.69432095246,4428600.114193905,1624.8966834479954,0.9609460127406796,1.9329088998327177,598.8080749387873,False,False
robot2,1153,1722894777204327287,477280.8073764624,4428600.131641343,1624.9132898485027,0.8871160812287591,1.7608475007782947,599.6951910200161,False,False
robot2,1154,1722894777707125620,477279.85335502325,4428600.169386152,1624.922543865208,0.9547678130956428,1.8989081253391276,600.6499588331117,False,False
robot2,1155,1722894778202232942,477278.90262900176,4428600.2175486125,1624.9249376864934,0.9519451615090154,1.9227043219030773,601.6019039946207,False,False
robot2,1156,1722894778702978040,477277.9029246515,4428600.282224296,1624.9466392167203,1.001794256274128,2.000606422705756,602.6036982508948,False,False
robot2,1157,1722894779203131799,477276.9649023255,4428600.308454958,1624.9406618312637,0.9383890087703746,1.87620097323126,603.5420872596652,False,False
robot2,1158,1722894779700584173,477276.0486638353,4428600.321058544,1624.9565916793886,0.916325172261241,1.8420364076462363,604.4584124319265,False,False
robot2,1159,1722894780211499955,477275.1831991298,4428600.323372798,1624.9864550040732,0.8654677996031286,1.693954020907111,605.3238802315296,False,False
robot2,1160,1722894780704037905,477274.31251482695,4428600.307855489,1624.9830810744966,0.8708225664081487,1.7680313195298234,606.1947027979378,False,False
robot2,1161,1722894781201936719,477273.46552173415,4428600.309347501,1624.992974451662,0.8469944069154823,1.7011376164996368,607.0416972048532,False,False
robot2,1162,1722894781702813166,477272.610682497,4428600.248498469,1624.995395189141,0.8570021739482285,1.7110052066136545,607.8986993788014,False,False
robot2,1163,1722894782202974454,477271.8209681781,4428600.169241441,1625.0183902064466,0.7936815367662933,1.58685080832852,608.6923809155677,False,False
robot2,1164,1722894782700700663,477270.9766334326,4428600.10294797,1625.0172049364642,0.8469332835600814,1.7016047781651231,609.5393141991278,False,False
robot2,1165,1722894783203339324,477270.12203835306,4428600.04062968,1625.0422618359369,0.856864236166005,1.7047323324607262,610.3961784352938,False,False
robot2,1166,1722894783701166650,477269.2463219901,4428599.988754702,1625.0386811480168,0.8772514814766265,1.7621602842491642,611.2734299167704,False,False
robot2,1167,1722894784202519498,477268.31285555015,4428599.949721375,1625.0495397046925,0.9342821817576238,1.8635215793190445,612.2077120985281,False,False
robot2,1168,1722894784704084603,477267.4401213137,4428599.946079054,1625.0658844644552,0.8727418369777344,1.740038255088289,613.0804539355058,False,False
robot2,1169,1722894785204557561,477266.56319153553,4428599.928581574,1625.0750571667445,0.8771043253753422,1.7525498242082815,613.9575582608812,False,False
robot2,1170,1722894785703043214,477265.6583239533,4428599.911413742,1625.0792003011202,0.9050304281434368,1.8155599506809497,614.8625886890246,False,False
robot2,1171,1722894786205111110,477264.8476889584,4428599.890521921,1625.0949587533155,0.8109041639480348,1.6151287872752476,615.6734928529727,False,False
robot2,1172,1722894786701151596,477263.9293714924,4428599.889789359,1625.0956093850327,0.918317758175478,1.8512965101369834,616.5918106111482,False,False
robot2,1173,1722894787202486316,477263.0142280519,4428599.892559833,1625.1257141060469,0.9151476341458842,1.82542173680508,617.5069582452941,False,False
robot2,1174,1722894787705363392,477262.1994634099,4428599.858297036,1625.1220179468137,0.8154847399388021,1.6216378123971313,618.3224429852329,False,False
robot2,1175,1722894788202329773,477261.4069661975,4428599.818884483,1625.1430902658149,0.7934766417829608,1.5966405424110786,619.1159196270158,False,False
robot2,1176,1722894788705881121,477260.538727968,4428599.81036825,1625.1554332509104,0.8682799947855753,1.7243130741167774,619.9841996218014,False,False
robot2,1177,1722894789203344113,477259.65271988814,4428599.806078351,1625.1828372010843,0.8860184652786619,1.7810741438660773,620.87021808708,False,False
robot2,1178,1722894789703752454,477258.8139733512,4428599.81291652,1625.1935526819527,0.8387744117267624,1.6761796829253937,621.7089924988068,False,False
robot2,1179,1722894790203661969,477257.9655781488,4428599.81158096,1625.207632424886,0.8483962536572831,1.6970992092609725,622.557388752464,False,False
robot2,1180,1722894790699492073,477257.0534667948,4428599.823951815,1625.237612261937,0.9121952423504626,1.839734530662216,623.4695839948145,False,False
robot2,1181,1722894791200802595,477256.1548876742,4428599.842530086,1625.2626775728509,0.898771154449928,1.7928429558114314,624.3683551492644,False,False
robot2,1182,1722894791699601818,477255.2411619704,4428599.864386122,1625.2737987399994,0.913987061210196,1.8323742979749544,625.2823422104746,False,False
robot2,1183,1722894792200954512,477254.243305355,4428599.89559752,1625.2943356539029,0.9983446180057352,1.9913016220457265,626.2806868284803,False,False
robot2,1184,1722894792701393490,477253.27903095447,4428599.897212065,1625.3223258926312,0.9642757522193036,1.926860914494402,627.2449625806996,False,False
robot2,1185,1722894793202617130,477252.3584449702,4428599.894006818,1625.3426270124482,0.9205915641603158,1.836687642219713,628.1655541448599,False,False
robot2,1186,1722894793705831453,477251.4860338693,4428599.893693519,1625.3596910916556,0.8724111571480077,1.7336769928232545,629.0379653020079,False,False
robot2,1187,1722894794203130088,477250.64149024704,4428599.884254499,1625.3744998234306,0.8445963681116646,1.698369095505428,629.8825616701196,False,False
robot2,1188,1722894794702548674,477249.8171671061,4428599.883990357,1625.398461541362,0.8243231832782355,1.6505651964500339,630.7068848533978,False,False
robot2,1189,1722894795206359552,477248.8530605724,4428599.881796461,1625.4164237037564,0.9641090298600016,1.9136327999607805,631.6709938832578,False,False
robot2,1190,1722894795703327160,477247.87007432,4428599.878380192,1625.4358424868342,0.9829921888329893,1.9779806161152518,632.6539860720908,False,False
robot2,1191,1722894796202273345,477246.92772002856,4428599.875540239,1625.4511805726354,0.9423585707897006,1.8886977992870202,633.5963446428805,False,False
robot2,1192,1722894796699827534,477246.0424690887,4428599.88084628,1625.4803512322978,0.8852668414735244,1.7792374857071107,634.481611484354,False,False
robot2,1193,1722894797208812702,477245.1528164911,4428599.872237587,1625.4852802248058,0.8896942474820771,1.747976377137136,635.3713057318361,False,False
robot2,1194,1722894797700351330,477244.183109274,4428599.870662102,1625.5117393683306,0.9697084969145485,1.9728026356612667,636.3410142287506,False,False
robot2,1195,1722894798203383348,477243.1995195686,4428599.876938226,1625.5303140489384,0.9836097286832921,1.9553622615694373,637.3246239574339,False,False
robot2,1196,1722894798702194196,477242.2423469841,4428599.881190956,1625.5394884191203,0.9571820319070369,1.9189272476863979,638.2818059893409,False,False
robot2,1197,1722894799200728840,477241.27811115625,4428599.877746535,1625.5450790497955,0.9642419798687202,1.9341522660055936,639.2460479692096,False,False
robot2,1198,1722894799704285962,477240.37401350087,4428599.878674778,1625.5543334937254,0.9040981318967594,1.795423738599273,640.1501461011063,False,False
robot2,1199,1722894800205367428,477239.3808880964,4428599.878286717,1625.5815534215658,0.9931254802808397,1.9819631612687925,641.1432715813871,False,False
robot2,1200,1722894800705851143,477238.3818967172,4428599.892354311,1625.5773416587074,0.9990904228158461,1.9962504200584013,642.1423620042029,False,False
robot2,1201,1722894801202978318,477237.4696577177,4428599.902380168,1625.6019241558934,0.9122940918490386,1.8351317698064749,643.054656096052,False,False
robot2,1202,1722894801705428794,477236.4893187043,4428599.924239858,1625.606970105543,0.9805826977890352,1.9516007324880738,644.035238793841,False,False
robot2,1203,1722894802202501620,477235.437692392,4428599.954400674,1625.6053944091511,1.0520587320085295,2.116508790410501,645.0872975258495,False,False
robot2,1204,1722894802705431015,477234.4347684733,4428599.998707323,1625.6317473461934,1.003902119604747,1.9961092384594525,646.0911996454543,False,False
robot2,1205,1722894803199990794,477233.4983632481,4428600.010763409,1625.638456603284,0.9364828322328289,1.8935685811279588,647.0276824776871,False,False
robot2,1206,1722894803699906161,477232.6985532168,4428600.020499631,1625.6540489990914,0.7998692893954864,1.6000094238920821,647.8275517670826,False,False
robot2,1207,1722894804206843588,477231.8049669445,4428600.01978041,1625.661295467283,0.8935865617548304,1.7627154334224726,648.7211383288375,False,False
robot2,1208,1722894804704101768,477230.85515880864,4428600.02962378,1625.6674354327895,0.9498591405469802,1.9101930679867787,649.6709974693845,False,False
robot2,1209,1722894805200160593,477229.9049834183,4428600.034284817,1625.691342005542,0.9501868225153565,1.9154725394117669,650.6211842918998,False,False
robot2,1210,1722894805701134351,477229.00912190526,4428600.038769547,1625.6988415510627,0.8958727383659382,1.7882621570147528,651.5170570302657,False,False
robot2,1211,1722894806204377391,477228.2216526132,4428600.053640808,1625.7275013718138,0.7876097005134846,1.5650684624084619,652.3046667307792,False,False
robot2,1212,1722894806704424809,477227.4691632827,4428600.065356401,1625.744787669298,0.7525805256589438,1.5050189568233299,653.0572472564381,False,False
robot2,1213,1722894807202820861,477226.6839203826,4428600.065806299,1625.7506691358703,0.7852430290188376,1.5755398914506986,653.842490285457,False,False
robot2,1214,1722894807700991068,477225.83467848896,4428600.074831178,1625.780466961221,0.8492898458848722,1.7048188602958076,654.6917801313418,False,False
robot2,1215,1722894808213907792,477224.9385242455,4428600.077730881,1625.8093591844136,0.8961589347389238,1.747181860427302,655.5879390660807,False,False
robot2,1216,1722894808704370717,477224.052976474,4428600.097516605,1625.833052941176,0.885768779374753,1.8059848472020983,656.4737078454555,False,False
robot2,1217,1722894809203268338,477223.3204996706,4428600.123187119,1625.8483047496052,0.7329264921219067,1.4690921782709154,657.2066343375774,False,False
robot2,1218,1722894809700911371,477222.41014075023,4428600.148253832,1625.8749762166908,0.9107039606504059,1.830034727232581,658.1173382982278,False,False
robot2,1219,1722894810199859608,477221.6039860607,4428600.170879222,1625.9001713340206,0.8064721270605825,1.6163439567623081,658.9238104252884,False,False
robot2,1220,1722894810700976659,477220.9029734653,4428600.172687604,1625.9163577257814,0.7010149279509281,1.398904727799677,659.6248253532393,False,False
robot2,1221,1722894811214247726,477220.2694991541,4428600.176884411,1625.9392977765517,0.6334882130519379,1.2342175922950163,660.2583135662912,False,False
robot2,1222,1722894811704391609,477219.5546346587,4428600.171109183,1625.9667684418316,0.7148878234417854,1.4585260709087715,660.973201389733,False,False
robot2,1223,1722894812204978391,477218.7683720141,4428600.17574444,1625.9884392898311,0.7862763075799932,1.5707093935825296,661.7594776973131,False,False
robot2,1224,1722894812699633668,477217.9819800389,4428600.171040495,1626.0216432207244,0.7864060438069488,1.5898067006004917,662.5458837411201,False,False
robot2,1225,1722894813200214561,477217.22002872906,4428600.170621973,1626.038916359878,0.7619514248034759,1.5221340504541214,663.3078351659235,False,False
robot2,1226,1722894813705358588,477216.5120225087,4428600.172610441,1626.076477403009,0.7080090126915418,1.4015987118530064,664.015844178615,False,False
robot2,1227,1722894814205263570,477215.7806758142,4428600.174739009,1626.1060015180578,0.7313497920863554,1.4629772297307977,664.7471939707013,False,False
robot2,1228,1722894814705890818,477215.1072809643,4428600.170558364,1626.1272646609116,0.673407827119106,1.3451281122463485,665.4206017978205,False,False
robot2,1229,1722894815204572962,477214.4343817536,4428600.173508992,1626.13741632364,0.6729056798543818,1.349368234747714,666.0935074776748,False,False
robot2,1230,1722894815701100364,477213.8036220384,4428600.1755433865,1626.1514634189214,0.6307629959837718,1.2703487331413852,666.7242704736586,False,False
robot2,1231,1722894816201009568,477213.2539547602,4428600.1773708165,1626.1719947239842,0.5496703159269607,1.099539866410709,667.2739407895856,False,False
robot2,1232,1722894816705716579,477212.79748419474,4428600.179625513,1626.1558059264653,0.4564761338675403,0.9044385683098578,667.7304169234532,False,False
robot2,1233,1722894817204819157,477212.2765183108,4428600.18083548,1626.149067431484,0.5209672890152491,1.0438075217677247,668.2513842124685,False,False
robot2,1234,1722894817705659859,477211.6753674527,4428600.137862036,1626.161283922208,0.6026848853850054,1.2033465507373666,668.8540690978534,False,False
robot2,1235,1722894818201898274,477211.15389168414,4428600.128943638,1626.160064016129,0.5215520252576548,1.0510108681742993,669.375621123111,False,False
robot2,1236,1722894818701889789,477210.5583657136,4428600.104385639,1626.1656615769873,0.5960321106702461,1.1920846848303364,669.9716532337812,False,False
robot2,1237,1722894819208139552,477209.8519248063,4428600.073618274,1626.1757246465495,0.7071105897722099,1.396762579737322,670.6787638235535,False,False
robot2,1238,1722894819700650240,477209.1727547667,4428600.031596799,1626.1772775666072,0.6804687700645253,1.3816321919296324,671.359232593618,False,False
robot2,1239,1722894820204085600,477208.4436547586,4428599.97749951,1626.1959312538445,0.7311041912712442,1.4522304749262487,672.0903367848892,False,False
robot2,1240,1722894820704059343,477207.7221434797,4428599.865850064,1626.199345636816,0.7300987087199765,1.4602740118600546,672.8204354936092,False,False
robot2,1241,1722894821203858754,477207.0116506231,4428599.693412546,1626.185137522062,0.7311188664058472,1.4628250525168085,673.5515543600151,False,False
robot2,1242,1722894821700376754,477206.19704823726,4428599.511939101,1626.2013803338991,0.8345715417732444,1.6808480553368692,674.3861259017883,False,False
robot2,1243,1722894822200758132,477205.4013149638,4428599.330753588,1626.2114827622956,0.8161002588556632,1.6309569739904084,675.2022261606439,False,False
robot2,1244,1722894822701763959,477204.6544644114,4428599.170213993,1626.232051365888,0.7639101448348493,1.5247528285682956,675.9661363054788,False,False
robot2,1245,1722894823202070352,477203.8332654731,4428598.9806963205,1626.225215751636,0.8427838657259384,1.6845355562972661,676.8089201712047,False,False
robot2,1246,1722894823704044107,477203.0366124242,4428598.836929631,1626.2354438533428,0.8095214272691382,1.6126764355994831,677.6184415984739,False,False
robot2,1247,1722894824204490764,477202.1968319061,4428598.7271685405,1626.2516955573603,0.8469231462442135,1.6923348411689665,678.465364744718,False,False
robot2,1248,1722894824701580722,477201.4005108377,4428598.669675287,1626.2492450700545,0.7983938365417708,1.6061350538802643,679.2637585812598,False,False
robot2,1249,1722894825201252095,477200.6229749246,4428598.663093636,1626.2875531044124,0.7775637685794514,1.5561507972513566,680.0413223498392,False,False
robot2,1250,1722894825702287682,477199.80892799736,4428598.6654663645,1626.321933298404,0.8140503851888777,1.6247353251204146,680.8553727350281,False,False
robot2,1251,1722894826205846478,477199.0109493565,4428598.690396155,1626.3481140542794,0.798367963894509,1.5854510860789748,681.6537406989227,False,False
robot2,1252,1722894826699996072,477198.1736554917,4428598.748856505,1626.3522758631063,0.8393322516070639,1.6985384737556124,682.4930729505297,False,False
robot2,1253,1722894827206260232,477197.3239427341,4428598.831173704,1626.368228682258,0.853690747029708,1.686256173413091,683.3467636975595,False,False
robot2,1254,1722894827703319003,477196.52247748175,4428598.922871585,1626.391358938486,0.8066939023656111,1.6229343315993796,684.1534575999251,False,False
robot2,1255,1722894828203810410,477195.6364067226,4428599.051554004,1626.4043800888771,0.8953661570070562,1.788975031487684,685.0488237569322,False,False
robot2,1256,1722894828701713894,477194.7164944309,4428599.192230137,1626.4208770002176,0.9306064683278498,1.8690486470404402,685.97943022526,False,False
robot2,1257,1722894829201437669,477193.8533249527,4428599.342991353,1626.4414949571828,0.8762365504361527,1.7534421481562947,686.8556667756961,False,False
robot2,1258,1722894829702082915,477193.0394147876,4428599.431947746,1626.4617002843768,0.8187569827289717,1.6354037690586967,687.6744237584251,False,False
robot2,1259,1722894830202102922,477192.1791849986,4428599.5148114,1626.4808156742529,0.8642115915786204,1.7283531310026352,688.5386353500037,False,False
robot2,1260,1722894830730873699,477191.2045402346,4428599.611326881,1626.508936479285,0.9794118919148337,1.8522440084993015,689.5180472419186,False,False
robot2,1261,1722894831207608053,477190.4283786341,4428599.700847287,1626.520853338077,0.7813070671355989,1.6388728555579284,690.2993543090541,False,False
robot2,1262,1722894831706653908,477189.5278217184,4428599.805757239,1626.5584557171817,0.906647040775713,1.816761010779799,691.2060013498299,False,False
robot2,1263,1722894832204844935,477188.5510759958,4428599.930664523,1626.5707066276618,0.9846999726168199,1.9765506380259135,692.1907013224467,False,False
robot2,1264,1722894832701879275,477187.63763499726,4428600.04964438,1626.5919045895123,0.9211572418617234,1.8533071478757959,693.1118585643084,False,False
robot2,1265,1722894833202094417,477186.7857000921,4428600.082144875,1626.6188912284692,0.8525546110514726,1.7043761577879482,693.9644131753598,False,False
robot2,1266,1722894833700829064,477185.91134231,4428600.069434528,1626.614971931815,0.8744501609501353,1.7533364348397522,694.8388633363099,False,False
robot2,1267,1722894834205289966,477185.02082259086,4428600.080107759,1626.657299255425,0.8905836783079413,1.7654169715518835,695.7294470146179,False,False
robot2,1268,1722894834659893421,477184.2643789991,4428600.088468226,1626.674944769834,0.7564897916540635,1.6640652835559056,696.485936806272,False,False
robot2,1269,1722894835201951763,477183.30394868046,4428600.101695536,1626.7080011119644,0.9605213994181859,1.771989331107729,697.4464582056902,False,False
robot2,1270,1722894835700868981,477182.40219076216,4428600.117015127,1626.7478610670375,0.9018880380035439,1.8076911633560082,698.3483462436938,False,False
robot2,1271,1722894836204915071,477181.6031774785,4428600.131826567,1626.7697181480337,0.7991505529449363,1.5854708362849077,699.1474967966387,False,False
robot2,1272,1722894836704059307,477180.7121046501,4428600.154782289,1626.7890848202237,0.8913684707327839,1.7857930916186417,700.0388652673715,False,False
robot2,1273,1722894837204116968,477179.7415111212,4428600.196618334,1626.8483413074298,0.9714947519274625,1.9427653192430052,701.010360019299,False,False
robot2,1274,1722894837708851604,477178.86084247055,4428600.245076666,1626.8428852175805,0.8820008402183778,1.7474541474424568,701.8923608595173,False,False
robot2,1275,1722894838204998246,477177.93089616153,4428600.287982212,1626.861584020771,0.9309355636068832,1.8763322430722147,702.8232964231242,False,False
robot2,1276,1722894838703552784,477177.0661719992,4428600.30334431,1626.8965230519557,0.8648606078214345,1.7347364492032018,703.6881570309457,False,False
robot2,1277,1722894839200151498,477176.1563473301,4428600.337848953,1626.9075097481498,0.9104787196431019,1.833429451114435,704.5986357505889,False,False
robot2,1278,1722894839705213674,477175.198223417,4428600.390420754,1626.9337342244346,0.9595651239756052,1.899894418508145,705.5582008745645,False,False
robot2,1279,1722894840205944212,477174.3211037676,4428600.418900156,1626.9663975817964,0.8775818797454479,1.7526031553629964,706.4357827543099,False,False
robot2,1280,1722894840703165739,477173.4140484896,4428600.458699489,1626.9919044121723,0.9079280060977156,1.82600322210219,707.3437107604076,False,False
robot2,1281,1722894841205022503,477172.55242544034,4428600.496399961,1627.0201373907794,0.8624474503496378,1.7185130173740282,708.2061582107573,False,False
robot2,1282,1722894841704310391,477171.6679376344,4428600.527171011,1627.0305695096267,0.8850229016050851,1.7725713441229125,709.0911811123624,False,False
robot2,1283,1722894842205644111,477170.81410373736,4428600.551428111,1627.034845399953,0.8541783950925018,1.703811185677621,709.9453595074549,False,False
robot2,1284,1722894842703208366,477169.902093694,4428600.565886671,1627.075710600997,0.9121246455866087,1.8331793833076313,710.8574841530415,False,False
robot2,1285,1722894843201118165,477168.9944738962,4428600.583487711,1627.0987442205585,0.9077904460683796,1.8232026657471627,711.7652745991098,False,False
robot2,1286,1722894843700600315,477168.0172055067,4428600.618704316,1627.1438592890772,0.9779027121791655,1.9578331331582748,712.743177311289,False,False
robot2,1287,1722894844202028137,477167.08254412137,4428600.657881307,1627.1661370124073,0.9354820906003286,1.8656372255452898,713.6786594018893,False,False
robot2,1288,1722894844700672829,477166.0865922596,4428600.702555739,1627.1918461756186,0.9969533167886355,1.9993254902393156,714.6756127186779,False,False
robot2,1289,1722894845200793487,477165.1331478082,4428600.732843913,1627.226301876356,0.9539254139341656,1.90739061342017,715.6295381326121,False,False
robot2,1290,1722894845699494236,477164.2166188359,4428600.75982156,1627.2434987461877,0.9169259241940154,1.8386300111347866,716.5464640568061,False,False
robot2,1291,1722894846204182606,477163.4036338863,4428600.799560002,1627.2751002831608,0.8139555713081915,1.6127880249262136,717.3604196281143,False,False
robot2,1292,1722894846702147471,477162.5811479685,4428600.8429225935,1627.29128974253,0.8236281924283474,1.653988584792507,718.1840478205427,False,False
robot2,1293,1722894847202580401,477161.6609335849,4428600.887464325,1627.3266257139312,0.9212917440070298,1.8409893085819609,719.1053395645497,False,False
robot2,1294,1722894847701946476,477160.7418005978,4428600.92463903,1627.3307542070015,0.9198844529014915,1.8421054080619728,720.0252240174511,False,False
robot2,1295,1722894848199820656,477159.8123849016,4428600.957884275,1627.3641123104835,0.9300100981323974,1.8679617986842039,720.9552341155835,False,False
robot2,1296,1722894848700412800,477158.9119885612,4428600.979440607,1627.385539027326,0.9006543428329019,1.799176768537329,721.8558884584164,False,False
robot2,1297,1722894849203217213,477157.98653572047,4428601.010752393,1627.4043175446236,0.9259823909650737,1.8416358591931072,722.7818708493814,False,False
robot2,1298,1722894849700354882,477156.9688426057,4428601.04536286,1627.4239851142097,1.0182814739815276,2.0482892130558805,723.800152323363,False,False
robot2,1299,1722894850200584726,477155.961986608,4428601.081393685,1627.455232997669,1.0075004816458097,2.0140751513114368,724.8076528050088,False,False
robot2,1300,1722894850702002251,477155.0080300323,4428601.125320529,1627.476693654391,0.9549673899796978,1.9045349021592937,725.7626201949886,False,False
robot2,1301,1722894851203220506,477154.121471826,4428601.161780053,1627.48650808736,0.8873075847964482,1.770302427787074,726.649927779785,False,False
robot2,1302,1722894851701100018,477153.1345966631,4428601.182360861,1627.516083201708,0.9870897409903698,1.9825866662108829,727.6370175207753,False,False
robot2,1303,1722894852203127126,477152.20178346784,4428601.190943004,1627.5383035219927,0.9328526734971597,1.8581721877667607,728.5698701942724,False,False
robot2,1304,1722894852701080924,477151.2173854041,4428601.21099691,1627.5588233078747,0.9846023090829467,1.9772970887702725,729.5544725033553,False,False
robot2,1305,1722894853203057991,477150.2833181704,4428601.240121601,1627.5799204857549,0.9345211847270809,1.8616805203581828,730.4889936880824,False,False
robot2,1306,1722894853701699916,477149.4207417646,4428601.2556974,1627.6167064042854,0.862717022770203,1.7301340260599216,731.3517107108526,False,False
robot2,1307,1722894854204324961,477148.5128729006,4428601.250162775,1627.634853393491,0.9078857341802934,1.8062876382971058,732.2595964450328,False,False
robot2,1308,1722894854704756304,477147.7015978532,4428601.258279468,1627.6456935140493,0.8113156495400634,1.6212328262071025,733.0709120945729,False,False
robot2,1309,1722894855202902224,477146.8165470144,4428601.269611051,1627.6712604792451,0.885123376747936,1.7768350548620138,733.9560354713209,False,False
robot2,1310,1722894855700647394,477145.8209519369,4428601.287552957,1627.6874380428817,0.9957567325275408,2.0005357328551,734.9517922038484,False,False
robot2,1311,1722894856200270037,477144.81431256246,4428601.322188704,1627.708368113549,1.007235059503366,2.015990894608725,735.9590272633518,False,False
robot2,1312,1722894856702244205,477143.7942239035,4428601.364254798,1627.7337950119222,1.020955644659593,2.033882062256284,736.9799829080114,False,False
robot2,1313,1722894857205156649,477142.838065994,4428601.410022166,1627.7389751412304,0.957252631188236,1.9034177725287114,737.9372355391996,False,False
robot2,1314,1722894857705310135,477142.06918429607,4428601.442082178,1627.7524464803753,0.7695498097970815,1.5386271331583903,738.7067853489967,False,False
robot2,1315,1722894858214212292,477141.3538062029,4428601.4624711,1627.7493551743978,0.7156685855453996,1.406298555968337,739.4224539345421,False,False
robot2,1316,1722894858707537003,477140.53838481294,4428601.465894007,1627.7588813971297,0.815428574105274,1.652925293626932,740.2378825086473,False,False
robot2,1317,1722894859205091806,477139.7339168751,4428601.472955307,1627.77276052993,0.8044989278960155,1.6169044621128736,741.0423814365433,False,False
robot2,1318,1722894859703873044,477138.8868355127,4428601.485852711,1627.7779192798928,0.8471795426766132,1.6985001448666537,741.8895609792199,False,False
robot2,1319,1722894860204514723,477138.0557739663,4428601.504440857,1627.781870242856,0.8312693986207239,1.6604074225097183,742.7208303778407,False,False
robot2,1320,1722894860703217588,477137.3076581768,4428601.524014794,1627.7822124513486,0.7483718150139597,1.5006362717239807,743.4692021928546,False,False
robot2,1321,1722894861201361967,477136.607718558,4428601.541552096,1627.7945472070369,0.7001592868286101,1.405535500391691,744.1693614796832,False,False
robot2,1322,1722894861699636597,477135.93267504295,4428601.552145873,1627.8079753249613,0.6751266365120147,1.354928957411612,744.8444881161952,False,False
robot2,1323,1722894862201559228,477135.21611925086,4428601.557419963,1627.803208375031,0.7165752013507762,1.4276600622768894,745.561063317546,False,False
robot2,1324,1722894862712878335,477134.63083399605,4428601.567714742,1627.8115741148265,0.5853757869775569,1.144834978214447,746.1464391045236,False,False
robot2,1325,1722894863203100201,477134.0113985854,4428601.576553707,1627.814145670815,0.6194984707565442,1.2637101140428455,746.7659375752801,False,False
robot2,1326,1722894863700296382,477133.3788224,4428601.583949954,1627.8191195169554,0.6326194233519125,1.2723738164539904,747.398556998632,False,False
robot2,1327,1722894864201599441,477132.538428983,4428601.596073063,1627.8349565249569,0.8404808534938658,1.6765918515549354,748.2390378521259,False,False
robot2,1328,1722894864701820226,477131.6943425893,4428601.605211975,1627.8321221913277,0.8441358657022469,1.687527406314638,749.0831737178281,False,False
robot2,1329,1722894865202399943,477130.8673880644,4428601.599862119,1627.84710211874,0.8269718297621451,1.6520278557365098,749.9101455475902,False,False
robot2,1330,1722894865701934185,477130.0632610565,4428601.60184943,1627.8530738177476,0.8041294636035856,1.6097588035643282,750.7142750111938,False,False
robot2,1331,1722894866205377546,477129.2441275651,4428601.614310087,1627.861761605068,0.8192282616257832,1.6272497210166101,751.5335032728195,False,False
robot2,1332,1722894866701082165,477128.4960316049,4428601.617869498,1627.871930085331,0.7481044279627532,1.5091737118793036,752.2816077007823,False,False
robot2,1333,1722894867201228598,477127.7334242546,4428601.6201035855,1627.8826187343209,0.762610622720192,1.5247748248936213,753.0442183235025,False,False
robot2,1334,1722894867700629445,477126.8870534052,4428601.628563137,1627.875040841371,0.8464131252754403,1.694857183980285,753.890631448778,False,False
robot2,1335,1722894868203915414,477126.0427636177,4428601.648046658,1627.874393001096,0.8445145664378109,1.6780008972651341,754.7351460152158,False,False
robot2,1336,1722894868704897574,477125.2020977897,4428601.656713463,1627.8702073416562,0.840710501852282,1.6781250113674218,755.5758565170681,False,False
robot2,1337,1722894869204911824,477124.3906556629,4428601.632591061,1627.8910754940196,0.8118006007332356,1.6235547511924464,756.3876571178014,False,False
robot2,1338,1722894869708130304,477123.6197507028,4428601.5772528015,1627.8930334591146,0.7728885951543031,1.5358909294857719,757.1605457129557,False,False
robot2,1339,1722894870205793984,477122.7674623522,4428601.535835309,1627.8955592394457,0.8532941118523432,1.7145997378108688,758.0138398248081,False,False
robot2,1340,1722894870701684721,477121.98405787407,4428601.496390736,1627.8898361605254,0.784396870641018,1.5817941359733299,758.7982366954491,False,False
robot2,1341,1722894871206646405,477121.2190649882,4428601.465148313,1627.8999758648229,0.7656305926601844,1.5162150884207997,759.5638672881092,False,False
robot2,1342,1722894871703936618,477120.376143129,4428601.433665955,1627.9125100841234,0.8435095728648649,1.6962121595913457,760.4073768609741,False,False
robot2,1343,1722894872202551607,477119.5365692863,4428601.416626489,1627.9232234880865,0.8397467360937333,1.6841585020653667,761.2471235970678,False,False
robot2,1344,1722894872705668321,477118.7231990149,4428601.392005627,1627.9419932631652,0.813742825006008,1.6174032560006633,762.0608664220738,False,False
robot2,1345,1722894873208353677,477117.9102191001,4428601.380816239,1627.9418133450774,0.8130569133359643,1.6174272445570195,762.8739233354097,False,False
robot2,1346,1722894873702864296,477117.0560471728,4428601.368642001,1627.9349080983006,0.8542586806003389,1.7274828752500926,763.72818201601,False,False
robot2,1347,1722894874204009421,477116.2343441389,4428601.365471373,1627.9342887443406,0.821709151008461,1.6396630655325124,764.5498911670185,False,False
robot2,1348,1722894874701253149,477115.38221094455,4428601.375099871,1627.9427773361767,0.8521875901814691,1.713822997053831,765.4020787571999,False,False
robot2,1349,1722894875200485305,477114.6010417648,4428601.400353859,1627.9433044242062,0.7815772842937561,1.5655583513802922,766.1836560414937,False,False
robot2,1350,1722894875701075654,477113.91045717854,4428601.39419957,1627.9576041329783,0.6906120083114027,1.379595199201263,766.8742680498051,False,False
robot2,1351,1722894876203280240,477113.2870333548,4428601.386574415,1627.9528117600355,0.6234704539868827,1.2414674809978923,767.497738503792,False,False
robot2,1352,1722894876701959509,477112.5440758745,4428601.38816404,1627.950577235758,0.7429591808818793,1.4898540762864192,768.2406976846738,False,False
robot2,1353,1722894877202642876,477111.7934296506,4428601.387608545,1627.9634492443877,0.7506464294353712,1.4992432552117363,768.9913441141092,False,False
robot2,1354,1722894877704640233,477110.9179398092,4428601.391432577,1627.9524591196446,0.8754981928005544,1.744029919348599,769.8668423069098,False,False
robot2,1355,1722894878204499918,477110.09721788135,4428601.403027388,1627.9487958089076,0.8208038270596236,1.6420680575701423,770.6876461339695,False,False
robot2,1356,1722894878706435630,477109.5074720349,4428601.405645335,1627.95124535042,0.5897516571092289,1.1749545471437488,771.2773977910787,False,False
robot2,1357,1722894879199415686,477108.950246514,4428601.417125426,1627.9494502984046,0.5573437661190094,1.1305600486374172,771.8347415571977,False,False
robot2,1358,1722894879699508505,477108.4280145012,4428601.426582489,1627.9572056655604,0.5223176344492454,1.0444420337352365,772.357059191647,False,False
robot2,1359,1722894880204201156,477107.82928613975,4428601.439953571,1627.9601791976131,0.5988776474430174,1.1866181880877997,772.95593683909,False,False
robot2,1360,1722894880704560152,477107.1392849296,4428601.458627483,1627.9815568080835,0.6902538554560511,1.3795177139259713,773.646190694546,False,False
robot2,1361,1722894881200283016,477106.5838205789,4428601.477216549,1627.9698382015915,0.5557753128061049,1.1211408439654318,774.2019660073521,False,False
robot2,1362,1722894881701707994,477106.06766779645,4428601.490257271,1627.9761723871482,0.5163174945893108,1.0297002860147544,774.7182835019414,False,False
robot2,1363,1722894882204339534,477105.4787242495,4428601.511292413,1627.9823576282315,0.5893190805314293,1.172467637744669,775.3076025824729,False,False
robot2,1364,1722894882701081722,477104.8635444569,4428601.5324856965,1627.9901718614306,0.6155447445383415,1.2391638556881535,775.9231473270113,False,False
robot2,1365,1722894883207840228,477104.3585787922,4428601.55344192,1627.9896747221535,0.5054003223640072,0.9973194983263444,776.4285476493753,False,False
robot2,1366,1722894883700289592,477103.95066335774,4428601.570891817,1627.993887217811,0.40828850162715113,0.8290975644080977,776.8368361510024,False,False
robot2,1367,1722894884161510048,477103.443730232,4428601.587622791,1627.9953068642349,0.5072091476225221,1.0997101869784105,777.344045298625,False,False
robot2,1368,1722894884700920899,477102.85479431297,4428601.605248785,1627.996954323047,0.589199620172053,1.092302653796024,777.9332449187971,False,False
robot2,1369,1722894885210895523,477102.275215393,4428601.630861019,1628.0001373940822,0.5801445604490703,1.1375947470836816,778.5133894792461,False,False
robot2,1370,1722894885704837952,477101.7146141173,4428601.65387552,1628.0000929364614,0.5610734868173888,1.135909055391072,779.0744629660635,False,False
robot2,1371,1722894886213795893,477101.2776608912,4428601.669928952,1628.005845267683,0.43724802397646556,0.8591041637478295,779.51171099004,False,False
robot2,1372,1722894886704392688,477100.9874159631,4428601.680519316,1628.0081090473625,0.29043807274456734,0.5920097517363119,779.8021490627846,False,False
robot2,1373,1722894887209186582,477100.6622649029,4428601.694546675,1628.0140556391336,0.3254534970441788,0.6447255175046546,780.1276025598287,False,False
robot2,1374,1722894887716766293,477100.2432269374,4428601.710106266,1628.0112898583827,0.41932674296305406,0.8261300726778075,780.5469293027918,False,False
robot2,1375,1722894888201924987,477099.9464229716,4428601.725666659,1628.0160298452884,0.2972115744060592,0.6126069377152777,780.8441408771979,False,False
robot2,1376,1722894888701861322,477099.66058605217,4428601.73566114,1628.020250761381,0.28601159795136627,0.5720957597760714,781.1301524751493,False,False
robot2,1377,1722894889200285864,477099.3492344379,4428601.735916313,1628.017406803306,0.3113517188130602,0.6246717407643626,781.4415041939624,False,False
robot2,1378,1722894889703555525,477098.9247728337,4428601.712672834,1628.0230069718043,0.4250975332124654,0.8446714684604217,781.8666017271748,False,False
robot2,1379,1722894890201634839,477098.5221004595,4428601.64989505,1628.0249677675677,0.40753661332540525,0.8182163229536606,782.2741383405003,False,False
robot2,1380,1722894890705146612,477098.2042188816,4428601.571233714,1628.0274115638206,0.32746954557575336,0.6503713158490296,782.6016078860761,False,False
robot2,1381,1722894891209301494,477097.8235687894,4428601.454869489,1628.0259537833983,0.3980391004838687,0.789517436480686,782.9996469865599,False,False
robot2,1382,1722894891701108218,477097.36041919055,4428601.277191072,1628.029676489431,0.4960616604184262,1.0086515992875884,783.4957086469783,False,False
robot2,1383,1722894892205383147,477096.9412550131,4428601.059794596,1628.0286229092912,0.47218622931257903,0.9363668124217726,783.9678948762909,False,False
robot2,1384,1722894892702658199,477096.57593968767,4428600.833990722,1628.025243882949,0.429467899512407,0.8636420393093653,784.3973627758032,False,False
robot2,1385,1722894893203814919,477096.2804533688,4428600.618570147,1628.025270558665,0.3656749768943462,0.7296621452433054,784.7630377526975,False,False
robot2,1386,1722894893705286794,477095.9681399468,4428600.356069107,1628.0302572206067,0.40797851634333004,0.8135619124248427,785.1710162690408,False,False
robot2,1387,1722894894206121900,477095.6680092266,4428600.077008189,1628.0259588077215,0.40982123554767985,0.8182760452423748,785.5808375045885,False,False
robot2,1388,1722894894700946956,477095.3927085942,4428599.805571144,1628.0279133051465,0.38661157147326664,0.7813095013636138,785.9674490760618,False,False
robot2,1389,1722894895204045614,477095.1103792476,4428599.505652332,1628.0282608962666,0.4118994466890035,0.8187252727512355,786.3793485227508,False,False
robot2,1390,1722894895700674426,477094.819613924,4428599.186910622,1628.0236585595171,0.43144032151720635,0.8687380899874338,786.810788844268,False,False
robot2,1391,1722894896199993488,477094.546423386,4428598.891599159,1628.026166800806,0.4022958243207622,0.8056884888494183,787.2130846685887,False,False
robot2,1392,1722894896706710125,477094.348550392,4428598.6416784255,1628.0260772904849,0.3187696577076091,0.6290887786946529,787.5318543262964,False,False
robot2,1393,1722894897203357053,477094.1396352281,4428598.353099017,1628.026463591371,0.3562634144709181,0.7173374645569605,787.8881177407674,False,False
robot2,1394,1722894897702926019,477093.91534554993,4428598.016388255,1628.0254219311832,0.4045738463240757,0.8098454917602859,788.2926915870914,False,False
robot2,1395,1722894898203475958,477093.7987519364,4428597.795146704,1628.025358799659,0.25008377556883415,0.49961817774085665,788.5427753626602,False,False
robot2,1396,1722894898705463049,477093.7106629184,4428597.592322195,1628.0251527689193,0.22112769264094373,0.4405048362965514,788.7639030553012,False,False
robot2,1397,1722894899201846759,477093.5074117996,4428597.141470454,1628.03606323132,0.49454859201832074,0.9963026331586494,789.2584516473195,False,False
robot2,1398,1722894899704904107,477093.2918544602,4428596.698217094,1628.0307061843034,0.49288792591913183,0.9797849733927266,789.7513395732386,False,False
robot2,1399,1722894900205604640,477093.102248586,4428596.332268379,1628.0114591609508,0.4121514887953039,0.8231497878948513,790.1634910620339,False,False
robot2,1400,1722894900705130280,477092.912905423,4428595.94888271,1628.015062317168,0.42759256797535544,0.8559969884105939,790.5910836300093,False,False
robot2,1401,1722894901201599683,477092.67997054587,4428595.516691777,1628.016717112063,0.490966047495994,0.9889148271739143,791.0820496775053,False,False
robot2,1402,1722894901704124260,477092.4406527692,4428595.063964071,1628.0001741832032,0.51208922482014,1.0190336018768977,791.5941389023254,False,False
robot2,1403,1722894902201849468,477092.19939998136,4428594.6311363,1627.981806583721,0.4955227408788213,0.9955748528624364,792.0896616432043,False,False
robot2,1404,1722894902705090712,477091.9575224014,4428594.201623346,1627.9804690856915,0.4929362449711558,0.9795226353643988,792.5825978881754,False,False
robot2,1405,1722894903205966665,477091.6790288236,4428593.689950537,1627.9991838379424,0.5825527753976288,1.1630679723410584,793.1651506635731,False,False
robot2,1406,1722894903701183313,477091.4778523174,4428593.27297359,1628.0119167552562,0.46297058359193866,0.9348850100510872,793.628121247165,False,False
robot2,1407,1722894904203671708,477091.2946691201,4428592.813251336,1628.0265221055452,0.4948743619584443,0.9848473852633274,794.1229956091234,False,False
robot2,1408,1722894904701059632,477091.0532040517,4428592.262081155,1628.0318010432388,0.6017424268108426,1.209805151453854,794.7247380359343,False,False
robot2,1409,1722894905203912505,477090.8076577962,4428591.6937064845,1628.0380695448048,0.619146775175547,1.2312681394335914,795.3438848111098,False,False
robot2,1410,1722894905705490485,477090.5157515977,4428591.058733405,1628.0623956532934,0.6988562376550836,1.3933155777588178,796.0427410487648,False,False
robot2,1411,1722894906203729569,477090.2378609819,4428590.395453132,1628.0558560632778,0.7191410951358366,1.4433649167072788,796.7618821439006,False,False
robot2,1412,1722894906701036591,477089.9409216651,4428589.7581857685,1628.0669085149204,0.7030523807852507,1.4137195534768938,797.4649345246859,False,False
robot2,1413,1722894907204059201,477089.6405140041,4428589.139800738,1628.08710169123,0.6874916793816969,1.3667210632123767,798.1524262040675,False,False
robot2,1414,1722894907705135937,477089.31268710666,4428588.4719057325,1628.1054447258782,0.7440122394836374,1.484827057420667,798.8964384435511,False,False
robot2,1415,1722894908202628096,477089.0087962987,4428587.853184633,1628.1240896503082,0.6893224370475245,1.3855941458819228,799.5857608805986,False,False
robot2,1416,1722894908705641717,477088.7425480307,4428587.308861789,1628.134343746883,0.6059500790955463,1.2046395287074585,800.1917109596942,False,False
robot2,1417,1722894909204783736,477088.4395572192,4428586.67499519,1628.153374505914,0.7025598173442492,1.4075351577563375,800.8942707770384,False,False
robot2,1418,1722894909700887843,477088.1393020337,4428586.086906632,1628.1881188174584,0.6603039667801557,1.330978276308419,801.5545747438185,False,False
robot2,1419,1722894910204383230,477087.8521040914,4428585.498934316,1628.202327108167,0.6543654196309018,1.2996457530403132,802.2089401634495,False,False
robot2,1420,1722894910704356345,477087.55185919465,4428584.83902959,1628.217969368584,0.7249974113338438,1.4500722648815407,802.9339375747833,False,False
robot2,1421,1722894911204676584,477087.3317860516,4428584.206887616,1628.2455828134932,0.6693546618557685,1.3378525732204734,803.603292236639,False,False
robot2,1422,1722894911704745715,477087.13687209325,4428583.558706196,1628.2637510982809,0.6768534584149984,1.3535197483619865,804.2801456950541,False,False
robot2,1423,1722894912204978551,477086.9484312275,4428582.938100925,1628.2850392375287,0.6485837360532214,1.2965640601826822,804.9287294311073,False,False
robot2,1424,1722894912710286655,477086.7601286855,4428582.290180434,1628.3024266882007,0.6747286937681284,1.3352816338021587,805.6034581248754,False,False
robot2,1425,1722894913202776154,477086.6366812788,4428581.711910438,1628.3094895925617,0.591299797227668,1.2006347177455992,806.194757922103,False,False
robot2,1426,1722894913708169854,477086.49710089946,4428581.007275977,1628.3334826481969,0.7183261135413354,1.421319758621022,806.9130840356444,False,False
robot2,1427,1722894914203023304,477086.3083882897,4428580.248343301,1628.3378897490045,0.7820430013971805,1.5803518214214236,807.6951270370415,False,False
robot2,1428,1722894914700690513,477086.1583892233,4428579.659404852,1628.3637190787522,0.6077402538450588,1.2211783446146967,808.3028672908865,False,False
robot2,1429,1722894915200775439,477086.02666409867,4428579.0028870925,1628.3848656799455,0.6696021785454017,1.338977060340982,808.9724694694319,False,False
robot2,1430,1722894915701498044,477085.8782830146,4428578.360448836,1628.4091575620976,0.6593510894211109,1.3167990178776434,809.631820558853,False,False
robot2,1431,1722894916205251176,477085.6993561844,4428577.620313666,1628.4172885350974,0.7614557644393855,1.5115658760813595,810.3932763232923,False,False
robot2,1432,1722894916702319083,477085.5489521361,4428576.974423351,1628.4264359546885,0.6631709258145171,1.334164949997737,811.0564472491068,False,False
robot2,1433,1722894917200743225,477085.4194792849,4428576.309012715,1628.4618200475777,0.6778897651409439,1.3600663146158851,811.7343370142477,False,False
robot2,1434,1722894917703337136,477085.31240527006,4428575.542600047,1628.4741192171946,0.7738560733225965,1.5397240761816045,812.5081930875702,False,False
robot2,1435,1722894918206289657,477085.1961516417,4428574.739056782,1628.4808058018116,0.8119092835979281,1.6142859642271685,813.3201023711682,False,False
robot2,1436,1722894918704307971,477085.0832025279,4428573.994675534,1628.4892131356123,0.7529016833010933,1.5117953227037537,814.0730040544693,False,False
robot2,1437,1722894919204630986,477085.00779198256,4428573.272170275,1628.514712835872,0.7264300370706213,1.4519219665245124,814.7994340915399,False,False
robot2,1438,1722894919706291589,477084.9142687498,4428572.56025193,1628.5193142848782,0.7180350450620497,1.4313164437357502,815.5174691366019,False,False
robot2,1439,1722894920202108068,477084.8214109487,4428571.798204226,1628.536194631463,0.7676843579576559,1.548323635170731,816.2851534945596,False,False
robot2,1440,1722894920702695725,477084.7283951333,4428571.028333627,1628.5678756983193,0.7754693303091366,1.5491185597713737,817.0606228248688,False,False
robot2,1441,1722894921205135576,477084.6443159725,4428570.2206297945,1628.5799896158733,0.8120682149718655,1.6162492122133085,817.8726910398407,False,False
robot2,1442,1722894921700061390,477084.6319545316,4428569.486235834,1628.584583957011,0.7344979883401926,1.4840569662571306,818.6071890281809,False,False
robot2,1443,1722894922205989164,477084.6171815316,4428568.821423844,1628.601101405547,0.6649761068153287,1.3143695707711587,819.2721651349962,False,False
robot2,1444,1722894922705167952,477084.59689081495,4428568.013357244,1628.6203432622362,0.8083213118693844,1.6193026587096506,820.0804864468655,False,False
robot2,1445,1722894923205850431,477084.5742340641,4428567.285795157,1628.6333953484109,0.7279147749944341,1.4538447832126222,820.80840122186,False,False
robot2,1446,1722894923702489295,477084.5486073554,4428566.560900791,1628.65430837184,0.7253472067819132,1.4605119359758651,821.5337484286418,False,False
robot2,1447,1722894924202483306,477084.5370734889,4428565.819907253,1628.6756484361574,0.7410832971710172,1.4821849701246306,822.2748317258129,False,False
robot2,1448,1722894924701447747,477084.52920359606,4428565.079344824,1628.686537201539,0.7406042438745358,1.4842822935585336,823.0154359696874,False,False
robot2,1449,1722894925209896517,477084.5216083157,4428564.362224121,1628.7085838921091,0.7171609243393368,1.410487878161323,823.7325968940266,False,False
robot2,1450,1722894925704024700,477084.51483496674,4428563.67311835,1628.728319112092,0.6891390580008571,1.3946569989955366,824.4217359520275,False,False
robot2,1451,1722894926203623489,477084.5003887549,4428562.958318836,1628.7540921511854,0.7149454792566315,1.431038708942627,825.136681431284,False,False
robot2,1452,1722894926708230663,477084.4886085856,4428562.302517349,1628.7674576975996,0.6559072822762726,1.299837341732436,825.7925887135603,False,False
robot2,1453,1722894927201515275,477084.4754672011,4428561.567226692,1628.7838967089367,0.7354080812453768,1.4908397387123682,826.5279967948057,False,False
robot2,1454,1722894927702770790,477084.45545559394,4428560.731672401,1628.809547691953,0.8357938971152447,1.6674009097363414,827.3637906919209,False,False
robot2,1455,1722894928204270947,477084.4400996117,4428560.011426414,1628.8336308882945,0.720409666018772,1.4365094311144957,828.0842003579397,False,False
robot2,1456,1722894928706907780,477084.4216397109,4428559.262217885,1628.85475667402,0.7494359135930578,1.491007810940838,828.8336362715328,False,False
robot2,1457,1722894929200912547,477084.3899216982,4428558.407359435,1628.8632708849211,0.8554466677036552,1.7316568485497204,829.6890829392364,False,False
robot2,1458,1722894929706283840,477084.372769416,4428557.635670157,1628.8930408381802,0.771879875808167,1.5273526431450493,830.4609628150446,False,False
robot2,1459,1722894930202315930,477084.3464550174,4428556.86363981,1628.9109966365706,0.7724786756314673,1.5573154654944057,831.233441490676,False,False
robot2,1460,1722894930706533522,477084.323402037,4428556.109492473,1628.93433405819,0.7544995994277061,1.4963768867263016,831.9879410901037,False,False
robot2,1461,1722894931205902149,477084.292127477,4428555.348489556,1628.9486990983196,0.7616452832809718,1.5252171318191061,832.7495863733847,False,False
robot2,1462,1722894931702099094,477084.268406743,4428554.716719583,1628.9765436985813,0.6322151318951575,1.274121267752796,833.3818015052798,False,False
robot2,1463,1722894932199170538,477084.2365490752,4428553.953703673,1628.9904978913737,0.7636806858816194,1.5363598170993094,834.1454821911614,False,False
robot2,1464,1722894932707885203,477084.2021439276,4428553.14104771,1629.0145455871957,0.8133839366416371,1.5989000812632703,834.958866127803,False,False
robot2,1465,1722894933205329308,477084.15441298817,4428552.324159981,1629.0452843438616,0.8182810056210809,1.6449705981314138,835.7771471334241,False,False
robot2,1466,1722894933701317174,477084.1075451979,4428551.448635987,1629.0722630493433,0.8767775392823197,1.7677406537936613,836.6539246727065,False,False
robot2,1467,1722894934205476981,477084.06563349394,4428550.630536298,1629.0843332186992,0.8191725652397549,1.62482757585498,837.4730972379463,False,False
robot2,1468,1722894934700516962,477084.03457389626,4428549.880024545,1629.1119679536482,0.7511541722966392,1.517360014853227,838.2242514102429,False,False
robot2,1469,1722894935204901152,477084.0308200912,4428549.07984324,1629.1336628086192,0.80019010989984,1.5864691720526043,839.0244415201428,False,False
robot2,1470,1722894935704167403,477084.022618976,4428548.249797313,1629.1615955416046,0.8300864411276901,1.6626131074487507,839.8545279612705,False,False
robot2,1471,1722894936209623008,477084.00544128567,4428547.437492542,1629.1909174067944,0.8124863773275242,1.607433302926765,840.667014338598,False,False
robot2,1472,1722894936701311228,477083.9907368833,4428546.691989374,1629.211642909541,0.7456481693016718,1.5165059710781117,841.4126625078998,False,False
robot2,1473,1722894937206744263,477083.9771362004,4428545.892888993,1629.234963803163,0.7992161147052682,1.5812501046127556,842.211878622605,False,False
robot2,1474,1722894937699032905,477083.9591305669,4428545.114863092,1629.2583536737432,0.7782342226983467,1.5808503715846405,842.9901128453033,False,False
robot2,1475,1722894938201795565,477083.9374782533,4428544.282374858,1629.276880874376,0.8327697657156461,1.656387017565085,843.8228826110189,False,False
robot2,1476,1722894938710841636,477083.9190918458,4428543.488037715,1629.2911428679834,0.7945499084596004,1.560860486354107,844.6174325194785,False,False
robot2,1477,1722894939201715988,477083.8952818166,4428542.676208578,1629.307790925447,0.8121782222275344,1.6545544103684906,845.429610741706,False,False
robot2,1478,1722894939699887393,477083.8641519863,4428541.86670424,1629.331007521703,0.8101026718515366,1.6261527387924795,846.2397134135575,False,False
robot2,1479,1722894940208077834,477083.83764497074,4428541.074874537,1629.355219945085,0.7922732489631493,1.5590079770918464,847.0319866625207,False,False
robot2,1480,1722894940704392010,477083.80596333,4428540.2728449,1629.3785960473338,0.8026551342170954,1.6172323475650097,847.8346417967377,False,False
robot2,1481,1722894941204211250,477083.7658066884,4428539.389697909,1629.408156677229,0.8840594796832133,1.7687582638918162,848.7187012764209,False,False
robot2,1482,1722894941703163652,477083.7575311043,4428538.564351222,1629.439306204781,0.8253881755687001,1.6542423568996039,849.5440894519896,False,False
robot2,1483,1722894942205089951,477083.80480434425,4428537.677078386,1629.466596522872,0.88853128487487,1.7702421026641275,850.4326207368645,False,False
robot2,1484,1722894942700416215,477083.8817298048,4428536.699481775,1629.4862972445758,0.9806185088487401,1.9797425399537176,851.4132392457132,False,False
robot2,1485,1722894943202800988,477083.9354655187,4428535.710368934,1629.5087250881763,0.9905714204988065,1.9717389764980757,852.4038106662119,False,False
robot2,1486,1722894943704165222,477083.9925331786,4428534.806164565,1629.5662459688808,0.906003454558617,1.807076369515732,853.3098141207705,False,False
robot2,1487,1722894944202622892,477084.03863692505,4428533.883415699,1629.5979022401002,0.9238998995177741,1.8535172688288937,854.2337140202883,False,False
robot2,1488,1722894944702564059,477084.0825064625,4428532.990107387,1629.621766144853,0.8943848590355987,1.7889804219993026,855.1280988793239,False,False
robot2,1489,1722894945203780685,477084.1183887135,4428532.152427727,1629.6419242896332,0.8384478210515807,1.67282515661893,855.9665467003755,False,False
robot2,1490,1722894945700595492,477084.0115292944,4428531.213443572,1629.6695208357305,0.9450450677182853,1.90220823753574,856.9115917680938,False,False
robot2,1491,1722894946202384949,477083.9333643006,4428530.3020646535,1629.6795856565604,0.9147247120475402,1.8229249211225036,857.8263164801414,False,False
robot2,1492,1722894946708238968,477083.8794067061,4428529.418175846,1629.6862136888828,0.8855342147005532,1.7505730998679783,858.7118506948419,False,False
robot2,1493,1722894947205777418,477083.807786243,4428528.452653653,1629.6921142980957,0.9681748791340473,1.945929309100439,859.680025573976,False,False
robot2,1494,1722894947700793802,477083.7514942537,4428527.560438683,1629.7103718197811,0.8939890045583032,1.80597879048944,860.5740145785343,False,False
robot2,1495,1722894948204348765,477083.6851680436,4428526.710398848,1629.7306307132037,0.8526235320366639,1.6932089545266698,861.4266381105709,False,False
robot2,1496,1722894948703014988,477083.6219545231,4428525.955326813,1629.737988659588,0.7577134861253411,1.5194800745231365,862.1843515966963,False,False
robot2,1497,1722894949205274927,477083.5498794458,4428525.115529589,1629.7332729605089,0.8428844488212591,1.6781836093880715,863.0272360455175,False,False
robot2,1498,1722894949704147211,477083.46966972825,4428524.270519081,1629.736214740163,0.8488087880938477,1.70145510568001,863.8760448336113,False,False
robot2,1499,1722894950203415929,477083.3952163109,4428523.463360988,1629.7380640400693,0.8105846645451981,1.6235436960966638,864.6866294981565,False,False
robot2,1500,1722894950701190330,477083.31555250415,4428522.608791844,1629.727115731608,0.8582742821085931,1.7242227313612588,865.5449037802651,False,False
robot2,1501,1722894951204517512,477083.2148222339,4428521.67810264,1629.7107263906314,0.9361244473665563,1.859872812741058,866.4810282276317,False,False
robot2,1502,1722894951704868453,477083.1025304507,4428520.774637981,1629.7267661347908,0.9104162975531338,1.819556308347092,867.3914445251849,False,False
robot2,1503,1722894952200133306,477082.9671162448,4428519.856846298,1629.694857328141,0.9277276437401132,1.8731944122683435,868.319172168925,False,False
robot2,1504,1722894952705652994,477082.8985451431,4428518.894201624,1629.68210539703,0.9650838119797424,1.9090926593613655,869.2842559809047,False,False
robot2,1505,1722894953201865625,477082.87593161705,4428518.04495552,1629.6879086485892,0.8495471247316015,1.7120623655928122,870.1338031056364,False,False
robot2,1506,1722894953703025629,477082.8997113084,4428517.18436012,1629.6580892636498,0.8609238731654011,1.7178626266643584,870.9947269788017,False,False
robot2,1507,1722894954200008238,477083.03180442617,4428516.39937632,1629.6401183727078,0.7960202002182171,1.6017064603894988,871.79074717902,False,False
robot2,1508,1722894954702330493,477083.30310759,4428515.674663028,1629.6390471198426,0.7738312233765823,1.540507722053761,872.5645784023965,False,False
robot2,1509,1722894955203290455,477083.6172144922,4428514.987921865,1629.6169533158493,0.7551665849189357,1.5074385513046875,873.3197449873154,False,False
robot2,1510,1722894955703352133,477083.87174763565,4428514.584199504,1629.599404934184,0.47726184184783077,0.9544062688314273,873.7970068291633,False,False
robot2,1511,1722894956205587463,477084.1626916146,4428514.1770453965,1629.5573321455029,0.50042268744139,0.9963906862981037,874.2974295166047,False,False
robot2,1512,1722894956704196571,477084.5113045762,4428513.8055282645,1629.5668715241168,0.5094663643329113,1.021774683722085,874.8068958809375,False,False
robot2,1513,1722894957204010239,477084.8605621069,4428513.610182191,1629.5612970352197,0.4001761000931872,0.8006507521693478,875.2070719810307,False,False
robot2,1514,1722894957700237507,477085.22888779215,4428513.531850107,1629.5559793198004,0.37656304365622223,0.758851983089387,875.5836350246869,False,False
robot2,1515,1722894958201418933,477085.7112949223,4428513.559098709,1629.5386776123107,0.48317608128648704,0.9640738584526759,876.0668111059734,False,False
robot2,1516,1722894958699044718,477086.01851297,4428513.673813662,1629.5301314903436,0.32793665410754813,0.6590027946959891,876.394747760081,False,False
robot2,1517,1722894959202929719,477086.4810689368,4428513.801063404,1629.5040211944397,0.479740054076143,0.9520823695942141,876.8744878141572,False,False
robot2,1518,1722894959713468035,477086.808686761,4428514.029600717,1629.4922350775505,0.3994530535992714,0.7824153890197639,877.2739408677564,False,False
robot2,1519,1722894960201171436,477087.2799030356,4428514.291233865,1629.463614025209,0.5389774404472882,1.1051338275272211,877.8129183082037,False,False
robot2,1520,1722894960699565176,477088.0405049638,4428514.617839958,1629.416388401222,0.8277601301698546,1.6608556793803824,878.6406784383736,False,False
robot2,1521,1722894961201973724,477088.809264471,4428514.954877041,1629.3674164747815,0.8393957205786101,1.6707434549445614,879.4800741589522,False,False
robot2,1522,1722894961701111900,477089.51182126784,4428515.26188264,1629.345696528088,0.7667062610196324,1.5360603311141328,880.2467804199719,False,False
robot2,1523,1722894962204684433,477090.23910912406,4428515.578139322,1629.2883170797163,0.7930737130770391,1.5748941697692325,881.039854133049,False,False
robot2,1524,1722894962703909564,477090.970582156,4428515.890241817,1629.2400381754103,0.7952740179722265,1.5930167671060926,881.8351281510212,False,False
robot2,1525,1722894963214418737,477091.7141756,4428516.206194096,1629.194141438065,0.8079338171826679,1.5826044101495556,882.6430619682038,False,False
robot2,1526,1722894963704115590,477092.4790913065,4428516.528091212,1629.1500462959334,0.8298878183848474,1.6946966248264743,883.4729497865886,False,False
robot2,1527,1722894964207829343,477093.2209572384,4428516.842024331,1629.0985458654363,0.8055551279839391,1.5992324120869075,884.2785049145725,False,False
robot2,1528,1722894964705283952,477093.93872863095,4428517.099012258,1629.0747502420131,0.7623900358951474,1.5325820077082892,885.0408949504676,False,False
robot2,1529,1722894965200979400,477094.67807046487,4428517.3159273015,1629.0352685825474,0.7705053428070947,1.5543921649470918,885.8114002932747,False,False
robot2,1530,1722894965706092033,477095.5331781912,4428517.463584558,1628.9923795681552,0.8677625764517377,1.7179585185008512,886.6791628697264,False,False
robot2,1531,1722894966201692374,477096.4156277152,4428517.572980007,1628.9519313298808,0.8892044346482578,1.7941970007489911,887.5683673043746,False,False
robot2,1532,1722894966703895894,477097.2230636536,4428517.654942049,1628.9039862380191,0.8115852210050751,1.616048630409349,888.3799525253797,False,False
robot2,1533,1722894967200806393,477098.0025308576,4428517.722822183,1628.8653432633214,0.7824173021039563,1.5745636058274002,889.1623698274836,False,False
robot2,1534,1722894967700437067,477098.8179619157,4428517.768680296,1628.834817401852,0.8167195216697641,1.6346464271226842,889.9790893491534,False,False
robot2,1535,1722894968215943192,477099.67254820233,4428517.80650596,1628.811961633564,0.8554229960766898,1.6593850464212168,890.83451234523,False,False
robot2,1536,1722894968705835251,477100.55984106567,4428517.819351322,1628.7816490275327,0.8873858397792984,1.8113898516124634,891.7218981850093,False,False
robot2,1537,1722894969205781266,477101.451481798,4428517.816706618,1628.7400358873824,0.8916446545871947,1.7834823569339338,892.6135428395964,False,False
robot2,1538,1722894969702818085,477102.23883500986,4428517.7593332445,1628.7031435038627,0.7894408047543495,1.588294050025033,893.4029836443508,False,False
robot2,1539,1722894970206770243,477103.0727763562,4428517.679046943,1628.6713226613183,0.8377971468961556,1.662454168376978,894.240780791247,False,False
robot2,1540,1722894970705967525,477103.7589728447,4428517.591153856,1628.6313808157306,0.6918025841854532,1.3858294716171484,894.9325833754324,False,False
robot2,1541,1722894971204448506,477104.4124355907,4428517.511263852,1628.6017197896026,0.6583281652900587,1.3206690598670134,895.5909115407225,False,False
robot2,1542,1722894971702286713,477105.1115255902,4428517.430200689,1628.5810699238232,0.7037741568511786,1.4136609260822486,896.2946856975736,False,False
robot2,1543,1722894972216377488,477105.7150639613,4428517.414632036,1628.5593453758863,0.603739139297334,1.1743818153665408,896.898424836871,False,False
robot2,1544,1722894972719473223,477106.4305662002,4428517.365100181,1628.5153163602538,0.7172146530702624,1.4256030361224177,897.6156394899413,False,False
robot2,1545,1722894973203659583,477107.1140285499,4428517.313974814,1628.491954168766,0.6853718601625567,1.415512382685486,898.3010113501039,False,False
robot2,1546,1722894973701184396,477107.9066630757,4428517.270405942,1628.4605676496103,0.7938310512955766,1.5955601998366098,899.0948424013994,False,False
robot2,1547,1722894974205908794,477108.6360495578,4428517.254368717,1628.4251218427723,0.7295627683273052,1.445467991445445,899.8244051697268,False,False
robot2,1548,1722894974704415944,477109.38386774575,4428517.24804935,1628.4093535894494,0.7478448880522661,1.5001684953147592,900.572250057779,False,False
robot2,1549,1722894975203550049,477110.1621294992,4428517.233782114,1628.3956875967408,0.778392517236353,1.559486610159499,901.3506425750154,False,False
robot2,1550,1722894975701932515,477110.8749628185,4428517.227563183,1628.3718131857213,0.7128604465465957,1.4303478729066714,902.063503021562,False,False
robot2,1551,1722894976199237388,477111.5650673116,4428517.22234569,1628.356587019925,0.6901242160404825,1.387728520887169,902.7536272376025,False,False
robot2,1552,1722894976660622137,477112.323058834,4428517.214235353,1628.3405978502876,0.758034910573162,1.642956062954429,903.5116621481757,False,False
robot2,1553,1722894977201211634,477113.2862562135,4428517.1961649,1628.3282851614158,0.963366873585232,1.7820670713360003,904.4750290217609,False,False
robot2,1554,1722894977705383180,477114.10640534,4428517.179653941,1628.310997996445,0.8203153061619693,1.6270564982429099,905.2953443279229,False,False
robot2,1555,1722894978204597586,477114.8872729913,4428517.162715834,1628.2953222326546,0.7810513352440879,1.5645608747969029,906.076395663167,False,False
robot2,1556,1722894978703193269,477115.65297715337,4428517.134925354,1628.2772883120592,0.7662083101571484,1.5367319080026607,906.8426039733241,False,False
robot2,1557,1722894979205570072,477116.5244041732,4428517.104857176,1628.2710005765623,0.8719456096852821,1.7356415194604093,907.7145495830094,False,False
robot2,1558,1722894979704558948,477117.3629477252,4428517.079774378,1628.2574837850882,0.8389186107110895,1.6812371307618745,908.5534681937205,False,False
robot2,1559,1722894980202303415,477118.1511291925,4428517.049825798,1628.2412059149071,0.7887502410782832,1.5846486412534069,909.3422184347988,False,False
robot2,1560,1722894980705527937,477118.9831363529,4428517.017120648,1628.228622055109,0.8326497113343735,1.654628356138153,910.1748681461332,False,False
robot2,1561,1722894981205780117,477119.8461245833,4428517.017465009,1628.2129131749646,0.8629882990706762,1.7251062928616934,911.0378564452039,False,False
robot2,1562,1722894981704024689,477120.7041984362,4428517.057536554,1628.1996986314032,0.8590090020977319,1.7240719601866434,911.8968654473017,False,False
robot2,1563,1722894982200865116,477121.5897574655,4428517.080778144,1628.1764854874482,0.8858639658592339,1.7829947576463592,912.782729413161,False,False
robot2,1564,1722894982703106845,477122.5309864232,4428517.024068001,1628.1659585135385,0.9429358361758848,1.8774537334253596,913.7256652493369,False,False
robot2,1565,1722894983204212745,477123.522520931,4428516.975680716,1628.1513042790668,0.9927144651911418,1.9810477032477398,914.718379714528,False,False
robot2,1566,1722894983703277124,477124.3885237286,4428516.950547086,1628.1268850854424,0.8663674421668435,1.7359830979473618,915.5847471566949,False,False
robot2,1567,1722894984201774117,477125.1309281669,4428516.92247233,1628.1111089809383,0.7429350859800166,1.490350136818328,916.3276822426749,False,False
robot2,1568,1722894984703242509,477125.8767179189,4428516.888996761,1628.090585540873,0.7465406672544582,1.488709233597905,917.0742229099293,False,False
robot2,1569,1722894985204910270,477126.6128669425,4428516.858121255,1628.11262362266,0.7367962281243119,1.4686936638964454,917.8110191380536,False,False
robot2,1570,1722894985702638040,477127.3641083854,4428516.832950677,1628.1373363965454,0.7516629986847275,1.510188684558482,918.5626821367383,False,False
robot2,1571,1722894986203136718,477128.0151656629,4428516.811155767,1628.1925429372031,0.6514219805090207,1.3015462328739014,919.2141041172473,False,False
robot2,1572,1722894986704552967,477128.5574184145,4428516.791970629,1628.1881038563283,0.5425920347054105,1.08211906161644,919.7566961519527,False,False
robot2,1573,1722894987204764291,477129.18223370606,4428516.763188755,1628.2048007330209,0.6254778531909198,1.2504268326518657,920.3821740051436,False,False
robot2,1574,1722894987702694316,477129.7332949688,4428516.745262627,1628.215046167022,0.5513527558314363,1.1072895800250022,920.933526760975,False,False
robot2,1575,1722894988202615586,477130.3298962033,4428516.741472305,1628.222276926131,0.5966132747142092,1.1934149098024613,921.5301400356892,False,False
robot2,1576,1722894988703735007,477130.9639303815,4428516.773087356,1628.2278745538397,0.6348219046538847,1.2668071401820717,922.1649619403431,False,False
robot2,1577,1722894989204736210,477131.6190944112,4428516.810069154,1628.2445274889867,0.6562069484210422,1.3097913811591548,922.8211688887642,False,False
robot2,1578,1722894989704280521,477132.25148157583,4428516.832854709,1628.2483385550483,0.6327975248767931,1.2667493571292432,923.453966413641,False,False
robot2,1579,1722894990204183015,477132.94421332615,4428516.863688352,1628.2600180930374,0.6934176169016704,1.3871057560421776,924.1473840305426,False,False
robot2,1580,1722894990702787024,477133.6450191978,4428516.890739296,1628.2727968635072,0.7013277573904,1.4065825266012355,924.848711787933,False,False
robot2,1581,1722894991202382726,477134.32157842297,4428516.914481583,1628.2811347976265,0.6769756874528047,1.355047223032146,925.5256874753858,False,False
robot2,1582,1722894991700681937,477135.1348962733,4428516.938528807,1628.2911084721532,0.8136732726779918,1.6329012775422949,926.3393607480638,False,False
robot2,1583,1722894992199234154,477135.9275004024,4428516.957954602,1628.3121380878583,0.7928421450295836,1.5902895013847695,927.1322028930933,False,False
robot2,1584,1722894992703904630,477136.6792750365,4428516.973654904,1628.318256469179,0.7519385613127958,1.4899590575840158,927.8841414544062,False,False
robot2,1585,1722894993203040321,477137.3671797064,4428516.98493535,1628.3273553650463,0.6879971535716355,1.378376879406917,928.5721386079778,False,False
robot2,1586,1722894993709384740,477138.0904481376,4428517.010329928,1628.3180007569845,0.723714106668883,1.4292924407055605,929.2958527146467,False,False
robot2,1587,1722894994204578958,477138.79225099424,4428517.027401407,1628.323321579353,0.7020104593100055,1.4176460992345643,929.9978631739567,False,False
robot2,1588,1722894994709589774,477139.5240525312,4428517.040159806,1628.319999641396,0.7319127449768879,1.4493017333410478,930.7297759189336,False,False
robot2,1589,1722894995204535930,477140.23155335296,4428517.059385057,1628.316783279117,0.7077619819054068,1.4299781747349776,931.437537900839,False,False
robot2,1590,1722894995704204301,477140.97094540606,4428517.072785403,1628.321155618748,0.7395134734850953,1.4800079016092615,932.177051374324,False,False
robot2,1591,1722894996202797747,477141.7359094767,4428517.082291863,1628.3243517270057,0.7650231383116668,1.5343622264322765,932.9420745126357,False,False
robot2,1592,1722894996701124926,477142.5290663472,4428517.097869577,1628.3260097738405,0.7933098300363132,1.591946258667803,933.735384342672,False,False
robot2,1593,1722894997200998171,477143.282227114,4428517.109069007,1628.3280094924403,0.7532440294346611,1.5068703177656975,934.4886283721066,False,False
robot2,1594,1722894997707227252,477144.0603800489,4428517.11790468,1628.3212327251283,0.7782030963279065,1.5372545764077747,935.2668314684346,False,False
robot2,1595,1722894998201340244,477144.8879649966,4428517.1181622045,1628.3178693096,0.8275849878181978,1.6748902390134517,936.0944164562528,False,False
robot2,1596,1722894998706100040,477145.6889287662,4428517.104389072,1628.3215110988428,0.8010821801168195,1.5870562559598513,936.8954986363697,False,False
robot2,1597,1722894999204217320,477146.55403182487,4428517.085682721,1628.3011042629364,0.8653052812416576,1.7371511209411434,937.7608039176113,False,False
robot2,1598,1722894999703539211,477147.3615029807,4428517.060083394,1628.3021848155577,0.8078768427402427,1.6179485973225374,938.5686807603515,False,False
robot2,1599,1722895000203187575,477148.0641836144,4428517.056473462,1628.286456297796,0.7026899064156303,1.4063689610749672,939.2713706667672,False,False
robot2,1600,1722895000704062535,477148.86543714185,4428517.044949448,1628.2827303003698,0.8013363951372336,1.599873024687327,940.0727070619045,False,False
robot2,1601,1722895001203105772,477149.68227683473,4428517.033509798,1628.2763420740484,0.8169197937647195,1.6369720112551234,940.8896268556691,False,False
robot2,1602,1722895001701030625,477150.4387911136,4428517.021143715,1628.2759381359267,0.7566153409563036,1.5195366279159261,941.6462421966254,False,False
robot2,1603,1722895002203573487,477151.2682032944,4428517.009937718,1628.2784598737658,0.8294878781865724,1.6505817750921705,942.475730074812,False,False
robot2,1604,1722895002710346336,477152.159137979,4428516.986732272,1628.2685527047015,0.8912368399100116,1.7586518382138163,943.366966914722,False,False
robot2,1605,1722895003203707710,477153.03840731113,4428516.96011088,1628.2594109933932,0.8796722440703266,1.7830177102650486,944.2466391587923,False,False
robot2,1606,1722895003702029240,477153.832350753,4428516.909132755,1628.256348025836,0.7955783796338725,1.596516157991471,945.0422175384261,False,False
robot2,1607,1722895004201193649,477154.5275375151,4428516.844244245,1628.2342707584771,0.6982085310940552,1.3987541529435321,945.7404260695203,False,False
robot2,1608,1722895004715832763,477155.3309268514,4428516.7853621645,1628.2295054662998,0.8055442416084603,1.5652603548559296,946.5459703111287,False,False
robot2,1609,1722895005208872261,477156.07232410496,4428516.714061185,1628.2243636721466,0.7448179087848292,1.5106669262246606,947.2907882199136,False,False
robot2,1610,1722895005705195026,477156.8608176196,4428516.648051587,1628.2075116322533,0.7912517233111361,1.5942278116367652,948.0820399432247,False,False
robot2,1611,1722895006200680440,477157.6514600656,4428516.574103166,1628.193792821019,0.7940930967844904,1.6026564368473433,948.8761330400092,False,False
robot2,1612,1722895006701585063,477158.43958589935,4428516.519077447,1628.1727873956686,0.7900444035335167,1.5772353986814716,949.6661774435428,False,False
robot2,1613,1722895007205774187,477159.2693744109,4428516.453981557,1628.1648395657412,0.8323379414960734,1.6508450554582337,950.4985153850389,False,False
robot2,1614,1722895007702129188,477160.0869479012,4428516.398920184,1628.1602129536134,0.8194255102004272,1.6508857903953824,951.3179408952393,False,False
robot2,1615,1722895008205007623,477160.9490226541,4428516.364487855,1628.1507937123768,0.8627621137482369,1.7156474936257085,952.1807030089875,False,False
robot2,1616,1722895008704934009,477161.7906287361,4428516.332459481,1628.1462495116575,0.8422153014141781,1.6846788279249771,953.0229183104017,False,False
robot2,1617,1722895009200701575,477162.6687910487,4428516.320111808,1628.1415595576673,0.8782491174620718,1.7714927454433453,953.9011674278637,False,False
robot2,1618,1722895009700418855,477163.394362682,4428516.317980819,1628.126992553479,0.7255747626452701,1.4519713493603696,954.6267421905089,False,False
robot2,1619,1722895010203797824,477164.1858845983,4428516.314449684,1628.1208913857977,0.7915297927899253,1.572432750058828,955.4182719832988,False,False
robot2,1620,1722895010702288233,477165.0423174938,4428516.297729393,1628.1201189119686,0.8565960965803363,1.7183805560838765,956.2748680798792,False,False
robot2,1621,1722895011208841297,477165.8813035483,4428516.280365271,1628.117424447876,0.8391657239946988,1.6566192230459311,957.1140338038739,False,False
robot2,1622,1722895011712876893,477166.7518607257,4428516.254435509,1628.102420231131,0.870943253973545,1.7279403947793108,957.9849770578475,False,False
robot2,1623,1722895012201335285,477167.6217278011,4428516.220407075,1628.105208839376,0.8705324021625056,1.7822037886254185,958.85550946001,False,False
robot2,1624,1722895012705924329,477168.4520226745,4428516.193469826,1628.0926925999072,0.8307317209358476,1.64635294842568,959.6862411809459,False,False
robot2,1625,1722895013201582849,477169.36595815816,4428516.146074507,1628.0903726451004,0.9151635834882986,1.8463585961131714,960.6014047644342,False,False
robot2,1626,1722895013706604740,477170.20511071366,4428516.110321725,1628.0835595185986,0.8399138484836114,1.6631239106276772,961.4413186129178,False,False
robot2,1627,1722895014202756820,477171.0544628364,4428516.057766004,1628.0730253153722,0.8509765755640424,1.715152406445594,962.2922951884818,False,False
robot2,1628,1722895014705193909,477171.9115191629,4428516.005519459,1628.0712401428254,0.8586473363642455,1.7089647862704487,963.1509425248461,False,False
robot2,1629,1722895015200219650,477172.7270933967,4428515.95337485,1628.0650234663085,0.8172394943785848,1.6509033815299592,963.9681820192246,False,False
robot2,1630,1722895015703463555,477173.539543435,4428515.89213081,1628.0636278348247,0.814755114800842,1.6190055980003546,964.7829371340255,False,False
robot2,1631,1722895016204988076,477174.3802508722,4428515.819685213,1628.0550226822854,0.8438230616750028,1.6825163047899645,965.6267601957005,False,False
robot2,1632,1722895016705202901,477175.16934069456,4428515.783739249,1628.0412830397538,0.7899081339768351,1.5791378225295432,966.4166683296773,False,False
robot2,1633,1722895017218207701,477175.9414794599,4428515.746547145,1628.0398862980007,0.7730339744280114,1.5068747989166258,967.1897023041054,False,False
robot2,1634,1722895017702878205,477176.69804153166,4428515.715513407,1628.049813911569,0.7571982971837137,1.562295317015153,967.946900601289,False,False
robot2,1635,1722895018204794049,477177.4876831538,4428515.674595482,1628.045613098746,0.7907010611364204,1.575365536725809,968.7376016624255,False,False
robot2,1636,1722895018703723505,477178.1698037103,4428515.639390186,1628.04609210736,0.6830284521064549,1.368988559916734,969.420630114532,False,False
robot2,1637,1722895019204274585,477178.84482947673,4428515.60149325,1628.0384631335232,0.6760887243199292,1.3506883855926923,970.0967188388519,False,False
robot2,1638,1722895019701694482,477179.5576233953,4428515.558018885,1628.0422391142686,0.7141184710883443,1.4356453484155078,970.8108373099402,False,False
robot2,1639,1722895020200232036,477180.2924760818,4428515.5119087845,1628.0296000007877,0.7362979099688743,1.4769156788579005,971.5471352199091,False,False
robot2,1640,1722895020659511602,477180.9510615238,4428515.469887903,1628.015920426711,0.6599246463777974,1.4368692548326847,972.207059866287,False,False
robot2,1641,1722895021202028251,477181.8390442872,4428515.434700955,1628.0102689623652,0.8886796438748745,1.6380687085902585,973.0957395101618,False,False
robot2,1642,1722895021701296172,477182.6841999488,4428515.380065357,1628.003556920638,0.8469197959648658,1.6963236321300945,973.9426593061266,False,False
robot2,1643,1722895022200282509,477183.4472848865,4428515.331505328,1627.994720977242,0.7646284709281481,1.5323630951143008,974.7072877770548,False,False
robot2,1644,1722895022702408468,477184.1476242647,4428515.309722281,1627.9735372359432,0.7006780614657887,1.3954228450816204,975.4079658385206,False,False
robot2,1645,1722895023202504433,477184.8706529414,4428515.274146572,1627.9744861083072,0.7239033764421068,1.447529278113762,976.1318692149626,False,False
robot2,1646,1722895023705764595,477185.6490013878,4428515.2266701935,1627.9740218847844,0.7797950439263543,1.5494870121556603,976.911664258889,False,False
robot2,1647,1722895024204091522,477186.4519624946,4428515.188316632,1627.9951496005542,0.8038765667969859,1.6131506814740988,977.7155408256859,False,False
robot2,1648,1722895024704601942,477187.31721465016,4428515.126314131,1627.9850878205389,0.8674708081071568,1.7331730318255298,978.583011633793,False,False
robot2,1649,1722895025204124732,477188.1057782406,4428515.060830045,1627.981362624788,0.7912778915724749,1.5840672227128247,979.3742895253655,False,False
robot2,1650,1722895025704338889,477188.5963737439,4428515.01258386,1627.98544138454,0.49296211027478215,0.9855017590010728,979.8672516356403,False,False
robot2,1651,1722895026202358795,477188.6424390661,4428515.007458567,1627.98026544945,0.046349568943480836,0.0930677428675534,979.9136012045838,True,False
robot2,1652,1722895026706458352,477188.7071896001,4428515.003526468,1627.9797158970805,0.06486981622349078,0.1286845204053319,979.9784710208072,False,False
robot2,1653,1722895027203957059,477189.1048469063,4428514.967905862,1627.9804908932906,0.3992494968502472,0.802513566715906,980.3777205176575,False,False
robot2,1654,1722895027705766176,477189.71278177854,4428514.907404997,1627.9724427604167,0.6109379375206385,1.2174707731570475,980.9886584551781,False,False
robot2,1655,1722895028213226378,477190.4711377176,4428514.834309464,1627.9717288822767,0.7618705187006587,1.5013399767192486,981.7505289738788,False,False
robot2,1656,1722895028705633037,477191.20412768255,4428514.771753703,1627.971919030622,0.7356544786508588,1.493998709352536,982.4861834525296,False,False
robot2,1657,1722895029202963246,477192.0132596799,4428514.708416982,1627.9658600137816,0.8116071275164778,1.6319281352181654,983.2977905800461,False,False
robot2,1658,1722895029710747999,477192.7788031168,4428514.650091765,1627.9612821451396,0.7677620625278533,1.51198302280812,984.065552642574,False,False
robot2,1659,1722895030202309752,477193.4796733766,4428514.605628554,1627.9501240388404,0.7022792167208565,1.4286696591644101,984.7678318592948,False,False
robot2,1660,1722895030714619298,477194.2905703362,4428514.540172665,1627.965457158563,0.813534481413847,1.5879737179287179,985.5813663407087,False,False
robot2,1661,1722895031201261562,477195.0043500039,4428514.479533613,1627.9579760756503,0.7163508279500707,1.472027995872028,986.2977171686588,False,False
robot2,1662,1722895031706282518,477195.63484770106,4428514.432954175,1627.9537050861531,0.632215936294284,1.251861042390423,986.9299331049531,False,False
robot2,1663,1722895032204374442,477196.206322578,4428514.400956097,1627.9554268911045,0.5723699957249269,1.1491246500007388,987.502303100678,False,False
robot2,1664,1722895032700645027,477196.8024896405,4428514.368660835,1627.949092901002,0.5970411630257833,1.203055540566077,988.0993442637038,False,False
robot2,1665,1722895033202459766,477197.552047801,4428514.339149761,1627.9360659504932,0.7501388800887918,1.4948533398607253,988.8494831437926,False,False
robot2,1666,1722895033701951972,477198.414151649,4428514.302799596,1627.933531472047,0.862869850692412,1.7274934290643045,989.712352994485,False,False
robot2,1667,1722895034203826722,477199.2554333571,4428514.264902596,1627.933310128653,0.8421348437124051,1.6779783248681437,990.5544878381974,False,False
robot2,1668,1722895034700486692,477200.0078122258,4428514.227162663,1627.9228479858652,0.753324806865002,1.516781733531066,991.3078126450623,False,False
robot2,1669,1722895035205309382,477200.7359121444,4428514.186926101,1627.911804676497,0.7292108559256535,1.444488948536584,992.037023500988,False,False
robot2,1670,1722895035706972145,477201.2495796692,4428514.164794141,1627.9235380966222,0.5141440942727606,1.0248799887386102,992.5511675952607,False,False
robot2,1671,1722895036207012751,477201.7395511422,4428514.165166768,1627.947186793216,0.4899716146908131,0.979863332154435,993.0411392099516,False,False
robot2,1672,1722895036701558209,477202.4408957092,4428514.111893175,1627.9330184949065,0.7033649674117416,1.422245323556549,993.7445041773633,False,False
robot2,1673,1722895037205193194,477203.0711364268,4428514.071043594,1627.9323203913348,0.6315631800802803,1.2540098847203227,994.3760673574436,False,False
robot2,1674,1722895037704977249,477203.70108950726,4428514.0799845485,1627.936850840436,0.630016526946248,1.26057824301871,995.0060838843899,False,False
robot2,1675,1722895038201022758,477204.52662129066,4428514.081547313,1627.9243404796364,0.8255332625843584,1.6642286115367766,995.8316171469743,False,False
robot2,1676,1722895038718585954,477205.298825278,4428514.084701113,1627.9312673202478,0.7722104276236069,1.492011437819018,996.6038275745979,False,False
robot2,1677,1722895039202088986,477205.97125427634,4428514.084596183,1627.9358662525954,0.6724290065264595,1.3907439311100251,997.2762565811244,False,False
robot2,1678,1722895039708853282,477206.88253463793,4428514.078770083,1627.920118296426,0.9112989854330816,1.798270345603372,998.1875555665574,False,False
robot2,1679,1722895040205637986,477207.6855634851,4428514.074099447,1627.9200409916452,0.8030424298884048,1.6164798369079574,998.9905979964458,False,False
robot2,1680,1722895040702232043,477208.5400756786,4428514.126559126,1627.92538285432,0.8561209650928238,1.7239850592345507,999.8467189615386,False,False
robot2,1681,1722895041205878047,477209.4286841645,4428514.161979695,1627.9143334383048,0.8893141502530697,1.765752795180867,1000.7360331117917,False,False
robot2,1682,1722895041705991650,477210.3990999108,4428514.199590007,1627.9011130810643,0.9711443025053019,1.941846929354618,1001.707177414297,False,False
robot2,1683,1722895042205377814,477211.3473257851,4428514.232958368,1627.8934665935294,0.9488128140895252,1.8999585030232606,1002.6559902283865,False,False
robot2,1684,1722895042701959245,477212.1608880115,4428514.264158493,1627.8593777910712,0.8141602692688156,1.6395306127027585,1003.4701504976553,False,False
robot2,1685,1722895043204076807,477212.7547616321,4428514.27189083,1627.8507908090317,0.5939239566674545,1.1828382766594134,1004.0640744543227,False,False
robot2,1686,1722895043703593103,477213.2418797937,4428514.282575466,1627.847367305879,0.48723532791788726,0.9754139062066524,1004.5513097822407,False,False
robot2,1687,1722895044204152265,477213.8033686399,4428514.303586731,1627.84607477185,0.5618818360334035,1.1225085019898806,1005.1131916182741,False,False
robot2,1688,1722895044709667122,477214.4087724229,4428514.321559813,1627.832538466871,0.6056705144890289,1.1981265990105994,1005.7188621327631,False,False
robot2,1689,1722895045205873577,477214.9329409026,4428514.360098492,1627.8281992700206,0.5255833187518134,1.0592022533535292,1006.2444454515149,False,False
robot2,1690,1722895045707265844,477215.4867251591,4428514.388204283,1627.8196277644286,0.5544970137256666,1.1059148815461495,1006.7989424652407,False,False
robot2,1691,1722895046202909080,477216.3161429992,4428514.4270184,1627.8167690256705,0.8303255320596398,1.675247910253495,1007.6292679973003,False,False
robot2,1692,1722895046703402191,477217.0715813556,4428514.460341148,1627.8023791439914,0.7561729404009567,1.510856026817339,1008.3854409377012,False,False
robot2,1693,1722895047203374406,477217.824608087,4428514.479481173,1627.7971351679585,0.7532699375327045,1.5066239295353547,1009.1387108752339,False,False
robot2,1694,1722895047706352150,477218.6738869838,4428514.503148819,1627.7918891105055,0.8496086169344995,1.6891571273433308,1009.9883194921683,False,False
robot2,1695,1722895048203025437,477219.3601048687,4428514.518554735,1627.7897175087808,0.6863907981974704,1.381976975036863,1010.6747102903659,False,False
robot2,1696,1722895048701550802,477219.9421087216,4428514.529102732,1627.7794086163044,0.58209942880295,1.1676419546477652,1011.2568097191688,False,False
robot2,1697,1722895049203202616,477220.5578774493,4428514.530898499,1627.7683416295752,0.6157713462227092,1.2274882362056245,1011.8725810653915,False,False
robot2,1698,1722895049706749553,477221.1238676196,4428514.536380327,1627.7684778558146,0.5660167164513551,1.1240594603003957,1012.4385977818429,False,False
robot2,1699,1722895050160236098,477221.6043623624,4428514.536071076,1627.7598518678142,0.48049484232420053,1.059556680432312,1012.9190926241671,False,False
robot2,1700,1722895050704984334,477222.1764064436,4428514.542571937,1627.746892164378,0.5720810187310483,1.0501749379333831,1013.4911736428982,False,False
robot2,1701,1722895051207975428,477222.6760055152,4428514.543053698,1627.7489016116858,0.49959930390693796,0.993257021635849,1013.9907729468051,False,False
robot2,1702,1722895051701387362,477223.1606660746,4428514.541098783,1627.741916627616,0.48466450202474887,0.9822718513337699,1014.4754374488299,False,False
robot2,1703,1722895052205869512,477223.60739449447,4428514.54350585,1627.743505338368,0.4467349047096233,0.8855310102649689,1014.9221723535395,False,False
robot2,1704,1722895052701817691,477224.14880969067,4428514.542265882,1627.732316230058,0.541416616111381,1.0916805656029789,1015.4635889696509,False,False
robot2,1705,1722895053200200801,477224.7831808712,4428514.539141675,1627.7387569043258,0.6343788736877721,1.2728734982565857,1016.0979678433387,False,False
robot2,1706,1722895053699890647,477225.4061173921,4428514.543096485,1627.7389804901572,0.6229490746334082,1.246671540835299,1016.7209169179721,False,False
robot2,1707,1722895054205067266,477226.0632458472,4428514.542322085,1627.7294207229031,0.6571289113581933,1.3007906224398147,1017.3780458293303,False,False
robot2,1708,1722895054700089222,477226.7766451372,4428514.525252159,1627.7313506749445,0.7136034818788092,1.4415582617988845,1018.0916493112092,False,False
robot2,1709,1722895055207985104,477227.546006689,4428514.52032327,1627.7172583505871,0.7693773400685593,1.5148333168059613,1018.8610266512777,False,False
robot2,1710,1722895055702187062,477228.3072333765,4428514.5032231305,1627.71385045097,0.7614187313685882,1.5407037762589628,1019.6224453826463,False,False
robot2,1711,1722895056206666745,477229.04232592846,4428514.496031251,1627.706848300809,0.7351277325043346,1.4571999828699669,1020.3575731151507,False,False
robot2,1712,1722895056704035105,477229.7049790084,4428514.478513716,1627.6954531622182,0.6628845815123169,1.332784043333891,1021.020457696663,False,False
robot2,1713,1722895057200428268,477230.2834000231,4428514.458323957,1627.6919776058037,0.5787732687351597,1.16595727818169,1021.5992309653982,False,False
robot2,1714,1722895057700478424,477230.96577212296,4428514.446045021,1627.6892281171868,0.6824825674873312,1.364827816044425,1022.2817135328855,False,False
robot2,1715,1722895058204405677,477231.666267778,4428514.430137771,1627.6969931067613,0.7006762471717684,1.39043140417479,1022.9823897800572,False,False
robot2,1716,1722895058705640393,477232.3452431852,4428514.419445132,1627.6906843655006,0.6790595968322535,1.354773526733853,1023.6614493768895,False,False
robot2,1717,1722895059203854366,477233.0235324464,4428514.443427332,1627.690033967834,0.678713096839513,1.3622929361361928,1024.3401624737292,False,False
robot2,1718,1722895059707862731,477233.73018057086,4428514.447371068,1627.686734254741,0.706659129165968,1.4020777127801718,1025.046821602895,False,False
robot2,1719,1722895060204899310,477234.5313702598,4428514.4617849495,1627.6831969707089,0.8013193356419994,1.6121942852622944,1025.848140938537,False,False
robot2,1720,1722895060705324971,477235.2875690296,4428514.463718379,1627.6897103488736,0.756201241451538,1.5111155697906045,1026.6043421799884,False,False
robot2,1721,1722895061203487522,477236.069294367,4428514.465020873,1627.6851644127391,0.7817264224722106,1.5692204532310428,1027.3860686024607,False,False
robot2,1722,1722895061703571680,477236.8246793337,4428514.467653834,1627.6762662803326,0.7553895554282795,1.510524133848034,1028.141458157889,False,False
robot2,1723,1722895062204518220,477237.5700660336,4428514.4628639445,1627.664133151315,0.7454020897238774,1.4879880628184754,1028.886860247613,False,False
robot2,1724,1722895062713439730,477238.23392607487,4428514.459340881,1627.661848046867,0.6638693895731633,1.3044629256657903,1029.5507296371861,False,False
robot2,1725,1722895063204948309,477238.8775836352,4428514.456058449,1627.6566637139151,0.6436659299236214,1.3095723696032302,1030.1943955671097,False,False
robot2,1726,1722895063702291733,477239.5900182889,4428514.439252468,1627.6622084690275,0.712632848485371,1.4328784650761912,1030.907028415595,False,False
robot2,1727,1722895064200242883,477240.223196104,4428514.426901495,1627.6616979275047,0.6332982647140531,1.2718077128217167,1031.5403266803091,False,False
robot2,1728,1722895064707011352,477240.9304495612,4428514.40673535,1627.6649429297247,0.7075409006865383,1.396182443008906,1032.2478675809957,False,False
robot2,1729,1722895065204418530,477241.57836595655,4428514.359395082,1627.6583233441736,0.6496435609947029,1.3060592051751139,1032.8975111419904,False,False
robot2,1730,1722895065708418338,477242.28830032353,4428514.29329053,1627.6478543902142,0.7130053416277725,1.4146939519277537,1033.6105164836183,False,False
robot2,1731,1722895066204313648,477243.034577107,4428514.20207598,1627.638697740224,0.7518305206574847,1.5161078399641195,1034.3623470042758,False,False
robot2,1732,1722895066703704380,477243.7340922994,4428514.152452839,1627.624766515083,0.7012730998376315,1.4042570326136137,1035.0636201041134,False,False
robot2,1733,1722895067205589307,477244.4003843018,4428514.090253939,1627.610827073642,0.6691888638789535,1.3333511611190523,1035.7328089679922,False,False
robot2,1734,1722895067703917823,477245.1065298141,4428514.017405044,1627.616432482151,0.709893263790913,1.424548944732093,1036.4427022317832,False,False
robot2,1735,1722895068204595045,477245.8433639411,4428513.991360651,1627.588065265228,0.7372942704157444,1.4725943277792668,1037.179996502199,False,False
robot2,1736,1722895068704744606,477246.3138513558,4428513.9699551575,1627.594745436604,0.4709740996521669,0.9416657649523388,1037.6509706018512,False,False
robot2,1737,1722895069205664207,477246.9737974638,4428513.942604491,1627.589199602637,0.6605126224769647,1.3186007547356426,1038.3114832243282,False,False
robot2,1738,1722895069702687701,477247.64744195377,4428513.89003902,1627.5858077461155,0.6756922580010438,1.3594772599295475,1038.9871754823291,False,False
robot2,1739,1722895070205463569,477248.2156953194,4428513.834806923,1627.5951950508077,0.5709312324086412,1.135558056528251,1039.5581067147377,False,False
robot2,1740,1722895070705780667,477248.7736206324,4428513.770965787,1627.573133409305,0.5615659761489076,1.122420120842241,1040.1196726908865,False,False
robot2,1741,1722895071206415721,477249.367395733,4428513.716422326,1627.5761821130582,0.5962749862253884,1.1910375722742679,1040.715947677112,False,False
robot2,1742,1722895071710237470,477249.9593927552,4428513.679433491,1627.5920780547715,0.5931514546455133,1.177303951493764,1041.3090991317574,False,False
robot2,1743,1722895072208507439,477250.4667659777,4428513.7032713005,1627.592639441753,0.5079328972104437,1.0193933104301185,1041.8170320289678,False,False
robot2,1744,1722895072705446283,477251.09379272826,4428513.71177558,1627.588291466334,0.6270844191427,1.2618936914245662,1042.4441164481104,False,False
robot2,1745,1722895073203957155,477251.8228236816,4428513.684333336,1627.5601076504483,0.729547262134865,1.463453163251391,1043.1736637102454,False,False
robot2,1746,1722895073699465359,477252.5505024802,4428513.62326186,1627.5747961336683,0.7302370567943969,1.473713382909287,1043.9039007670397,False,False
robot2,1747,1722895074207977589,477253.2578897393,4428513.538635261,1627.58487223535,0.712431326861275,1.4010117729481497,1044.6163320939008,False,False
robot2,1748,1722895074711236138,477254.0457051848,4428513.430960345,1627.5904647630996,0.7951396504886658,1.5799826591494641,1045.4114717443895,False,False
robot2,1749,1722895075205016376,477254.8215569348,4428513.31923274,1627.5772545292937,0.783855213417112,1.5874572053780285,1046.1953269578066,False,False
robot2,1750,1722895075705173719,477255.5620479937,4428513.220175735,1627.556140605851,0.747087209573241,1.4937043316855292,1046.9424141673799,False,False
robot2,1751,1722895076206670505,477256.2042892991,4428513.15053384,1627.546235771718,0.6460061051019007,1.288156007403775,1047.5884202724817,False,False
robot2,1752,1722895076702081015,477256.93454686855,4428513.067317963,1627.544816120212,0.7349836732960381,1.4835853475477985,1048.3234039457777,False,False
robot2,1753,1722895077210974612,477257.9657718217,4428512.930675616,1627.5359764823247,1.0402384510150668,2.0441172552460927,1049.3636423967928,False,False
robot2,1754,1722895077707633792,477259.0452528247,4428512.811397863,1627.530413285264,1.086050835960153,2.1867131120251764,1050.449693232753,False,False
robot2,1755,1722895078205626477,477259.8798130705,4428512.749322093,1627.5246545415484,0.8368657031037208,1.6804784749746489,1051.2865589358566,False,False
robot2,1756,1722895078702374054,477260.8678738478,4428512.628457051,1627.488875316004,0.9954257671949438,2.003884919812711,1052.2819847030516,False,False
robot2,1757,1722895079206283910,477261.8420179941,4428512.512767655,1627.4898016395953,0.9809897319156401,1.9467565043534303,1053.2629744349672,False,False
robot2,1758,1722895079705662500,477262.7224482108,4428512.447496112,1627.4682356262615,0.8828463857167488,1.767890461650288,1054.1458208206839,False,False
robot2,1759,1722895080204935810,477263.5236820867,4428512.38432442,1627.4475367766431,0.8037203410437029,1.6097795675579627,1054.9495411617277,False,False
robot2,1760,1722895080707884461,477264.3527388731,4428512.317111676,1627.4276080719003,0.8317768379020692,1.6538011358608293,1055.7813179996297,False,False
robot2,1761,1722895081204350622,477265.2903758541,4428512.240369219,1627.3973071106393,0.9407722959217918,1.8949374037131266,1056.7220902955514,False,False
robot2,1762,1722895081704527713,477266.36744960607,4428512.151611551,1627.375369541738,1.0807246600666578,2.1606848413772206,1057.802814955618,False,False
robot2,1763,1722895082204972853,477267.4978351851,4428512.053891875,1627.34231891599,1.1346015566272893,2.267184740761311,1058.9374165122454,False,False
robot2,1764,1722895082705416380,477268.7801072103,4428511.941922742,1627.3036914803477,1.2871513637870913,2.5720203322883908,1060.2245678760326,False,False
robot2,1765,1722895083203149613,477269.9929685058,4428511.825867855,1627.2980763078374,1.218401107560072,2.447900427009414,1061.4429689835927,False,False
robot2,1766,1722895083704530169,477271.0793263491,4428511.713669011,1627.2631014125218,1.0921364128262985,2.1782578628441165,1062.5351053964189,False,False
robot2,1767,1722895084206286950,477272.08884626377,4428511.611735176,1627.2330626160267,1.0146531254013156,2.022201576836162,1063.5497585218202,False,False
robot2,1768,1722895084699850709,477273.0988980789,4428511.515788383,1627.200105992751,1.0145986676613816,2.055658218273688,1064.5643571894816,False,False
robot2,1769,1722895085206404413,477274.05800001184,4428511.421755653,1627.1880240525086,0.9637005095321516,1.9024648420121721,1065.5280576990137,False,False
robot2,1770,1722895085701738363,477274.969301378,4428511.335534718,1627.1554998084082,0.9153710884735424,1.8479879330187043,1066.4434287874874,False,False
robot2,1771,1722895086204454653,477275.8215052714,4428511.257762974,1627.137781225823,0.8557452425123582,1.7022428706290613,1067.2991740299997,False,False
robot2,1772,1722895086704016525,477276.70195301296,4428511.166968773,1627.102136452596,0.8851168355190104,1.7717856664438176,1068.1842908655187,False,False
robot2,1773,1722895087206383026,477277.5241391102,4428511.088954926,1627.071664168666,0.8258790098208768,1.643977716242806,1069.0101698753397,False,False
robot2,1774,1722895087707186292,477278.4989207533,4428511.002339386,1627.0512147725185,0.9786222475570076,1.9541052945518502,1069.9887921228967,False,False
robot2,1775,1722895088203965789,477279.4838525343,4428510.90659654,1627.0260805626397,0.9895743054334175,1.991979180501374,1070.9783664283302,False,False
robot2,1776,1722895088716852430,477280.40509465325,4428510.815457303,1626.999072161283,0.9257393813126777,1.8049586161776874,1071.904105809643,False,False
robot2,1777,1722895089204705334,477281.35468915815,4428510.697655046,1626.9626997242117,0.9568736047259235,1.9613981544335337,1072.8609794143688,False,False
robot2,1778,1722895089703906484,477282.2033013812,4428510.5876702005,1626.9636596872092,0.8557098640504,1.714157931660228,1073.7166892784192,False,False
robot2,1779,1722895090207752005,477283.0369148146,4428510.478092771,1626.9479992889114,0.8407844964153276,1.6687349086339176,1074.5574737748345,False,False
robot2,1780,1722895090709281554,477283.8959438882,4428510.352709181,1626.937201804509,0.86813132298551,1.7309677707072875,1075.4256050978202,False,False
robot2,1781,1722895091206479868,477284.799226793,4428510.1985112345,1626.948656879301,0.9163498309895999,1.8430267183716718,1076.3419549288099,False,False
robot2,1782,1722895091703531227,477285.7975352261,4428510.030975716,1626.919568133139,1.01226867851181,2.0365469664050724,1077.3542236073217,False,False
robot2,1783,1722895092200399436,477286.7435751665,4428509.851301141,1626.9008188616735,0.9629509446389747,1.9380412621126852,1078.3171745519608,False,False
robot2,1784,1722895092701468963,477287.6149699075,4428509.670265078,1626.8880967722037,0.8900016016382147,1.7762037409666034,1079.207176153599,False,False
robot2,1785,1722895093202654659,477288.5431003103,4428509.463777285,1626.8585535478342,0.9508224088089853,1.8971451913715744,1080.157998562408,False,False
robot2,1786,1722895093703404040,477289.4125798262,4428509.387708524,1626.8547276979534,0.8728007131700308,1.742990039704876,1081.0307992755781,False,False
robot2,1787,1722895094201983902,477290.1510748791,4428509.3712710645,1626.834043593913,0.7386779631564796,1.4815636294154517,1081.7694772387347,False,False
robot2,1788,1722895094708534565,477290.9072990546,4428509.26082392,1626.8158273243807,0.7642470642861602,1.5087281290898114,1082.5337243030208,False,False
robot2,1789,1722895095203282040,477291.7496378554,4428509.161172062,1626.7978661308312,0.848212914393278,1.7144363242872986,1083.3819372174141,False,False
robot2,1790,1722895095701651298,477292.5430038953,4428509.067105235,1626.778802078041,0.7989231761306441,1.6030748870682774,1084.180860393545,False,False
robot2,1791,1722895096205426645,477293.2946657848,4428509.011148199,1626.7616479599394,0.7537418562694774,1.4961857250105037,1084.9346022498144,False,False
robot2,1792,1722895096708016228,477293.9983874423,4428509.045944525,1626.7380598128466,0.7045814044656032,1.4019024565198115,1085.63918365428,False,False
robot2,1793,1722895097206002214,477294.72866173246,4428509.152079536,1626.719966637752,0.7379465965340275,1.4818619008567786,1086.3771302508142,False,False
robot2,1794,1722895097701924250,477295.54762828245,4428509.305191165,1626.7113683690295,0.8331562764599927,1.6800144530228405,1087.210286527274,False,False
robot2,1795,1722895098204912207,477296.4260437207,4428509.477951837,1626.6636357389348,0.89524294573531,1.7798500004120967,1088.1055294730095,False,False
robot2,1796,1722895098706956604,477297.26853897725,4428509.684047044,1626.6624373577763,0.8673370117139876,1.727610035669403,1088.9728664847235,False,False
robot2,1797,1722895099209445576,477298.1163992527,4428509.869338073,1626.6605217128842,0.8678708498412923,1.727143667736797,1089.8407373345647,False,False
robot2,1798,1722895099704918902,477298.9498518264,4428510.03928744,1626.5981615353064,0.8506033034440528,1.7167495545582783,1090.6913406380088,False,False
robot2,1799,1722895100205642384,477299.77929168206,4428510.205460365,1626.574136506227,0.8459219321337637,1.6893989647761716,1091.5372625701425,False,False
robot2,1800,1722895100712852714,477300.598476762,4428510.3727888325,1626.5557711729364,0.8360998811608187,1.6484285825532772,1092.3733624513034,False,False
robot2,1801,1722895101205908531,477301.3259309988,4428510.510028139,1626.53718205816,0.7402866294655691,1.5014255967352221,1093.113649080769,False,False
robot2,1802,1722895101703154925,477302.1202817559,4428510.653458394,1626.5208982439576,0.8071959883021366,1.6233316515749185,1093.920845069071,False,False
robot2,1803,1722895102205481754,477302.9500741186,4428510.790725684,1626.5201548951177,0.8410693633735746,1.6743472292257422,1094.7619144324447,False,False
robot2,1804,1722895102708504229,477303.7596108043,4428510.914919038,1626.490918942124,0.8190077135173353,1.6281725678545729,1095.580922145962,False,False
robot2,1805,1722895103204208700,477304.54910833103,4428511.02948601,1626.4908074842413,0.797766842914446,1.6093607532287157,1096.3786889888763,False,False
robot2,1806,1722895103702782272,477305.3882432069,4428511.13609453,1626.463471784244,0.8458798475412136,1.6965999534525915,1097.2245688364176,False,False
robot2,1807,1722895104213949508,477306.25052377785,4428511.271488833,1626.42867791687,0.8728455764766708,1.707553666409237,1098.0974144128943,False,False
robot2,1808,1722895104705921554,477307.04478564375,4428511.467982277,1626.4096662271122,0.818206321883866,1.663114925072141,1098.9156207347783,False,False
robot2,1809,1722895105204652478,477307.8765860151,4428511.641740566,1626.390142613677,0.8497551416266396,1.703834964304052,1099.765375876405,False,False
robot2,1810,1722895105702353814,477308.809702531,4428511.821105238,1626.362172477815,0.9501989885421308,1.90917481078577,1100.715574864947,False,False
robot2,1811,1722895106205430898,477309.7775232708,4428511.99650597,1626.3298246699717,0.9835864990768578,1.955141869354269,1101.699161364024,False,False
robot2,1812,1722895106701952901,477310.7656521477,4428512.1623332845,1626.2907291572396,1.0019467927719554,2.0179295439568916,1102.701108156796,False,False
robot2,1813,1722895107205648418,477311.7058893507,4428512.308190772,1626.2526872007957,0.9514832655399951,1.8890049409876608,1103.652591422336,False,False
robot2,1814,1722895107702727091,477312.4892023435,4428512.448133079,1626.2394371329626,0.7957154604735696,1.6007837975490107,1104.4483068828094,False,False
robot2,1815,1722895108205729354,477313.0996994573,4428512.545242759,1626.2120009360915,0.6181723189365593,1.228965519041593,1105.066479201746,False,False
robot2,1816,1722895108708334649,477313.65537284646,4428512.722790347,1626.2145642025032,0.5833490048357459,1.1606500058719729,1105.6498282065818,False,False
robot2,1817,1722895109205109470,477314.2075256148,4428512.915678038,1626.2185029324887,0.5848746368995436,1.1773433458738032,1106.2347028434813,False,False
robot2,1818,1722895109702014009,477315.01146169344,4428513.137986882,1626.1697257245698,0.8341069717729361,1.6786066229474366,1107.068809815254,False,False
robot2,1819,1722895110201873997,477315.7899746121,4428513.376902104,1626.1759915624132,0.8143481124126994,1.6291522300930499,1107.8831579276668,False,False
robot2,1820,1722895110706781725,477316.4788076884,4428513.636943939,1626.1577295974014,0.7362830724716415,1.4582530759264118,1108.6194410001385,False,False
robot2,1821,1722895111200431865,477317.0770787127,4428513.904966732,1626.160474877918,0.6555642117799589,1.3279934140790444,1109.2750052119184,False,False
robot2,1822,1722895111708460399,477317.7117710517,4428514.166311588,1626.1532327045866,0.6863931083858262,1.3510917175194523,1109.9613983203042,False,False
robot2,1823,1722895112204073561,477318.376450312,4428514.455912123,1626.1448051923037,0.7250289574186612,1.4628930513196958,1110.686427277723,False,False
robot2,1824,1722895112707679200,477318.8615227266,4428514.677409734,1626.1265032873066,0.5332508216197074,1.0588654390443413,1111.2196780993427,False,False
robot2,1825,1722895113203213963,477319.1838818715,4428514.835948455,1626.125037496879,0.3592352217270727,0.7249443460192664,1111.5789133210696,False,False
robot2,1826,1722895113702249890,477319.58539035794,4428515.036288139,1626.1217572795254,0.4487148913950024,0.8991636665846312,1112.0276282124646,False,False
robot2,1827,1722895114203629998,477319.9996611953,4428515.2537836,1626.1120456310985,0.46789379378221263,0.9332119845720322,1112.4955220062468,False,False
robot2,1828,1722895114699886936,477320.2935356415,4428515.3963945145,1626.1115829042794,0.32664975575416616,0.6582272265508511,1112.822171762001,False,False
robot2,1829,1722895115203693207,477320.5489695305,4428515.51125808,1626.107220334486,0.28007161629274685,0.5559109810730557,1113.102243378294,False,False
robot2,1830,1722895115704793643,477320.6992119142,4428515.584076463,1626.1080828959248,0.16695894959161903,0.3331846917893021,1113.2692023278855,False,False
robot2,1831,1722895116202441659,477320.88707848,4428515.683227817,1626.11418529285,0.212426075156107,0.42686009960851584,1113.4816284030417,False,False
robot2,1832,1722895116704934361,477321.242373521,4428515.896850826,1626.1303517114222,0.4145712922946982,0.8250295380290641,1113.8961996953365,False,False
robot2,1833,1722895117201532716,477321.3112541467,4428516.03392446,1626.1228628017568,0.15340704608595884,0.3089158047334952,1114.0496067414224,False,False
robot2,1834,1722895117704210034,477321.27217682736,4428515.98502376,1626.122664778257,0.06259644848445356,0.12452613368463171,1114.112203189907,False,False
robot2,1835,1722895118204975942,477321.12688450696,4428515.894224357,1626.119572250865,0.1713312289756445,0.34213827549852605,1114.2835344188825,False,False
robot2,1836,1722895118701178228,477320.72000269935,4428515.728394444,1626.1138178447911,0.4393772471641328,0.8854801937560323,1114.7229116660467,False,False
robot2,1837,1722895119203903524,477320.4264954518,4428515.528353815,1626.1050276334347,0.35519397191790836,0.7065368056136139,1115.0781056379647,False,False
robot2,1838,1722895119706361269,477320.460580873,4428515.752769612,1626.0917510279887,0.22698957200396147,0.4517584286563327,1115.3050952099686,False,False
robot2,1839,1722895120200885420,477320.3948083566,4428516.055956409,1626.0982465823397,0.31023903383829826,0.6273484865545309,1115.615334243807,False,False
robot2,1840,1722895120705429017,477320.1766040996,4428516.497222163,1626.08202582001,0.4922687913808165,0.9756715715525849,1116.1076030351878,False,False
robot2,1841,1722895121201732125,477319.8252518091,4428516.810809319,1626.0788824771944,0.470940905543341,0.9488978067760115,1116.5785439407312,False,False
robot2,1842,1722895121701479612,477319.5571961253,4428517.067859043,1626.0729625442689,0.3713871436537138,0.743149555947826,1116.9499310843848,False,False
robot2,1843,1722895122212462495,477319.37090310507,4428517.634430764,1626.0523131250677,0.5964131154434469,1.1671878062599843,1117.5463441998284,False,False
robot2,1844,1722895122699853815,477319.1068153744,4428518.355562066,1626.0457990748785,0.767966590075099,1.5756676308028004,1118.3143107899034,False,False
robot2,1845,1722895123215870473,477318.8483177559,4428519.301646293,1626.032965655052,0.980763164134708,1.900643091572386,1119.2950739540381,False,False
robot2,1846,1722895123702359308,477318.7031199432,4428520.471210036,1626.0043287300855,1.1785422157995977,2.422547383361929,1120.4736161698377,False,False
robot2,1847,1722895124204695589,477318.63606526575,4428521.705371682,1625.9734593896371,1.2359819158015248,2.460467231261666,1121.7095980856393,False,False
robot2,1848,1722895124704312923,477318.6142939688,4428522.887310507,1625.9694219652165,1.1821393216647096,2.3660894675307107,1122.891737407304,False,False
robot2,1849,1722895125199212088,477318.6556819445,4428524.11519443,1625.9515173896853,1.2285812519192383,2.482487486137531,1124.1203186592231,False,False
robot2,1850,1722895125704015078,477318.7369502579,4428525.244054437,1625.9320028747295,1.1317815399879663,2.2420264328989683,1125.252100199211,False,False
robot2,1851,1722895126202380948,477318.7479671452,4428526.287750377,1625.9123501748095,1.0437540842100905,2.0943520187392903,1126.2958542834212,False,False
robot2,1852,1722895126705864635,477318.7363697481,4428527.386462081,1625.916352066363,1.0987729100751418,2.1823413005246364,1127.3946271934965,False,False
robot2,1853,1722895127207051732,477318.7606201626,4428528.493593012,1625.9091575778616,1.107396487463905,2.2095471295346516,1128.5020236809603,False,False
robot2,1854,1722895127703567256,477318.7861239192,4428529.641307344,1625.9040246529094,1.1479976606665403,2.3121083467541332,1129.6500213416268,False,False
robot2,1855,1722895128203706444,477318.8322369088,4428530.731399699,1625.8899168178627,1.0910672532339738,2.181528050258145,1130.741088594861,False,False
robot2,1856,1722895128702580290,477318.8973425398,4428531.942714788,1625.8897620188452,1.2130634722881979,2.4316031626747083,1131.9541520671492,False,False
robot2,1857,1722895129160459164,477318.9671900199,4428532.992450695,1625.882750410581,1.05205710108495,2.297674600417921,1133.0062091682341,False,False
robot2,1858,1722895129704683763,477319.0700328112,4428534.308208889,1625.8695521503612,1.3197712933829555,2.425049390080404,1134.325980461617,False,False
robot2,1859,1722895130202728927,477319.1408283364,4428535.623829126,1625.8364254129874,1.3175236675193063,2.645389718567577,1135.6435041291363,False,False
robot2,1860,1722895130702290258,477319.1362617081,4428536.761434606,1625.831206753164,1.1376146456663403,2.2772283726744686,1136.7811187748027,False,False
robot2,1861,1722895131205596091,477319.14996732224,4428537.897666595,1625.8274251366452,1.1363146465360632,2.2577006967842523,1137.9174334213387,False,False
robot2,1862,1722895131711662888,477319.17018034175,4428539.067258098,1625.8061939309116,1.1697661520821303,2.3114867545477016,1139.0871995734208,False,False
robot2,1863,1722895132200441470,477319.2191964319,4428540.218316764,1625.8140139070767,1.1521018307703814,2.3571037103846053,1140.239301404191,False,False
robot2,1864,1722895132699937068,477319.25935510127,4428541.226437341,1625.7901992106274,1.0089201247235071,2.0198773171110127,1141.2482215289147,False,False
robot2,1865,1722895133201687520,477319.2989077869,4428542.269199863,1625.7812716462513,1.0435123820575989,2.079743709468269,1142.2917339109722,False,False
robot2,1866,1722895133703437052,477319.3484312802,4428543.431722736,1625.773830522217,1.1635772455771294,2.319040097806659,1143.4553111565492,False,False
robot2,1867,1722895134198796126,477319.3999031358,4428544.567757717,1625.7695727135956,1.1372004356159913,2.295709907996634,1144.5925115921652,False,False
robot2,1868,1722895134705384948,477319.42867089337,4428545.748111128,1625.7625056874892,1.1807039246375595,2.3306942593439977,1145.7732155168028,False,False
robot2,1869,1722895135206192367,477319.4102433435,4428546.930613463,1625.7508949853466,1.1826459092756472,2.361477919647521,1146.9558614260784,False,False
robot2,1870,1722895135704666776,477319.3915480727,4428548.158438157,1625.7512794678034,1.2279670164619743,2.4634507132188856,1148.1838284425403,False,False
robot2,1871,1722895136203348900,477319.3836443863,4428549.335225903,1625.7262143078697,1.1768142876940793,2.3598490331591275,1149.3606427302343,False,False
robot2,1872,1722895136705005150,477319.38844847353,4428550.610027336,1625.709525169838,1.274810484220556,2.5412030105086383,1150.6354532144549,False,False
robot2,1873,1722895137204844829,477319.4009981085,4428551.823353971,1625.681280938131,1.2133915354937603,2.427562103358832,1151.8488447499485,False,False
robot2,1874,1722895137700836501,477319.4194329964,4428552.947729097,1625.6593472798295,1.1245262414439245,2.267226821272675,1152.9733709913924,False,False
robot2,1875,1722895138208452354,477319.44583462353,4428553.994794581,1625.631905571187,1.04739828833401,2.063368158937244,1154.0207692797264,False,False
robot2,1876,1722895138702138145,477319.4851847289,4428555.099479671,1625.613044359665,1.1053857145225,2.2390473624765437,1155.126154994249,False,False
robot2,1877,1722895139201122078,477319.5254697087,4428556.1578634055,1625.6035983159368,1.0591501356707345,2.122614017289157,1156.1853051299197,False,False
robot2,1878,1722895139704417369,477319.5795221851,4428557.11140877,1625.558650219212,0.955076139613078,1.8976460962237278,1157.1403812695328,False,False
robot2,1879,1722895140201733180,477319.6355866849,4428558.123140696,1625.5815134176466,1.0132841254756915,2.037506057651633,1158.1536653950084,False,False
robot2,1880,1722895140705130832,477319.6582513714,4428559.097243065,1625.544564031409,0.9743660054022756,1.9355789652296536,1159.1280314004107,False,False
robot2,1881,1722895141203742276,477319.6468171013,4428560.145350629,1625.5276015487502,1.0481699333548962,2.102177823923447,1160.1762013337657,False,False
robot2,1882,1722895141705625589,477319.63848862576,4428561.176770545,1625.5072447787977,1.0314535398488163,2.0551662206768624,1161.2076548736145,False,False
robot2,1883,1722895142205510513,477319.64094146143,4428562.293275387,1625.5021962462254,1.1165075367143718,2.233529482846952,1162.3241624103289,False,False
robot2,1884,1722895142705705033,477319.6588319778,4428563.410454823,1625.4606041328063,1.1173226758988117,2.233776191444812,1163.4414850862277,False,False
robot2,1885,1722895143203072977,477319.6571618312,4428564.449852776,1625.444853112792,1.0393992949067719,2.0897988844442525,1164.4808843811345,False,False
robot2,1886,1722895143701365253,477319.637488159,4428565.453289232,1625.4119728409837,1.0036293018241618,2.0141380625248693,1165.4845136829585,False,False
robot2,1887,1722895144202004110,477319.6189502739,4428566.427883212,1625.396875660988,0.974770270114909,1.9470523561046995,1166.4592839530735,False,False
robot2,1888,1722895144701358925,477319.6038503058,4428567.526034121,1625.3761058130608,1.098254719023941,2.1993483529149684,1167.5575386720975,False,False
robot2,1889,1722895145206161366,477319.5888970861,4428568.566949413,1625.3552538295216,1.0410226911028997,2.0622367573469447,1168.5985613632004,False,False
robot2,1890,1722895145703578861,477319.5738325993,4428569.460232974,1625.3444785729475,0.8934105768836853,1.7960981806556755,1169.491971940084,False,False
robot2,1891,1722895146208033933,477319.5594577011,4428570.339538087,1625.3209264775055,0.8794226058234431,1.7433119895264622,1170.3713945459076,False,False
robot2,1892,1722895146702284903,477319.5543281517,4428571.164404754,1625.317824516086,0.8248826157167353,1.668955636428838,1171.1962771616243,False,False
robot2,1893,1722895147206060810,477319.5508571064,4428572.01939424,1625.2819133039802,0.8549965325090073,1.6971757444610052,1172.0512736941332,False,False
robot2,1894,1722895147710357207,477319.5455213837,4428572.854619128,1625.255191347561,0.8352419304583866,1.6562523378190201,1172.8865156245915,False,False
robot2,1895,1722895148201027932,477319.541061305,4428573.526411017,1625.2426885159095,0.6718066949467734,1.3691600516622424,1173.5583223195383,False,False
robot2,1896,1722895148703409793,477319.5397036066,4428574.031437107,1625.231342361223,0.5050279149551276,1.0052666590772203,1174.0633502344936,False,False
robot2,1897,1722895149202769057,477319.5353654795,4428574.587479188,1625.221555908946,0.5560590030801956,1.113545279773382,1174.6194092375738,False,False
robot2,1898,1722895149701789999,477319.5370982513,4428575.10133349,1625.2022658449532,0.5138572230724656,1.029731040738128,1175.1332664606462,False,False
robot2,1899,1722895150201173459,477319.5340842515,4428575.553750199,1625.1855122215952,0.45242674914499714,0.9059702189740687,1175.585693209791,False,False
robot2,1900,1722895150699053302,477319.53943182126,4428576.059372676,1625.1747398781065,0.505650754060457,1.0156082077744144,1176.0913439638516,False,False
robot2,1901,1722895151205816922,477319.5434287552,4428576.619039492,1625.160438321202,0.5596810882769758,1.1044227423333928,1176.6510250521285,False,False
robot2,1902,1722895151710115801,477319.5492073692,4428577.181731036,1625.145275425228,0.5627212154118926,1.115848004091825,1177.2137462675403,False,False
robot2,1903,1722895152205980773,477319.5536845884,4428577.650598648,1625.1396177601632,0.46888898807836754,0.9455983236207618,1177.6826352556186,False,False
robot2,1904,1722895152706335474,477319.55997534393,4428578.1512036165,1625.124666396956,0.5006444927391198,1.0005790409377793,1178.1832797483578,False,False
robot2,1905,1722895153203115684,477319.5654509218,4428578.597536596,1625.1110612437194,0.4463665647312594,0.898519311533374,1178.629646313089,False,False
robot2,1906,1722895153702880424,477319.5724455617,4428579.009039049,1625.1035228776536,0.41156189598052106,0.8235109750652779,1179.0412082090695,False,False
robot2,1907,1722895154203345012,477319.577765001,4428579.542675098,1625.0885640356744,0.5336625615675287,1.066335135519064,1179.574870770637,False,False
robot2,1908,1722895154701985046,477319.5839522413,4428580.145841007,1625.0582123941704,0.603197642054825,1.2096849040359676,1180.1780684126918,False,False
robot2,1909,1722895155200553008,477319.5828903291,4428580.739255612,1625.0458036355744,0.5934155548060637,1.1902403875318508,1180.771483967498,False,False
robot2,1910,1722895155702482810,477319.5749924039,4428581.372064248,1625.0273904710773,0.6328579200312394,1.260849565997849,1181.4043418875292,False,False
robot2,1911,1722895156204834226,477319.5651111784,4428582.097520139,1625.006366501748,0.7255231828820613,1.4442539744875862,1182.1298650704114,False,False
robot2,1912,1722895156700268472,477319.5612280493,4428582.79792501,1624.9801254597032,0.7004156354405436,1.4137407477908173,1182.830280705852,False,False
robot2,1913,1722895157204028708,477319.5543458296,4428583.4214911135,1624.9642570667436,0.6236040811025861,1.2378989162335312,1183.4538847869544,False,False
robot2,1914,1722895157705138485,477319.54753090045,4428583.9813518645,1624.942023029968,0.5599022270058666,1.1173243548716005,1184.0137870139604,False,False
robot2,1915,1722895158199999266,477319.5424861651,4428584.492988347,1624.9316511449151,0.5116613524904902,1.0339498743716977,1184.525448366451,False,False
robot2,1916,1722895158703617284,477319.5398057817,4428585.016864648,1624.9114514388707,0.5238831579831726,1.040239141506714,1185.0493315244341,False,False
robot2,1917,1722895159200884008,477319.53574411006,4428585.4821144175,1624.8932956647172,0.46526749842795245,0.9356501381685529,1185.514599022862,False,False
robot2,1918,1722895159702227513,477319.52983024094,4428586.028285839,1624.8840067836925,0.5462034375280522,1.0894794683615885,1186.06080246039,False,False
robot2,1919,1722895160203134735,477319.52989776566,4428586.640849439,1624.856854927791,0.6125636044854055,1.2229078242152172,1186.6733660648754,False,False
robot2,1920,1722895160701561797,477319.5208524812,4428587.185585016,1624.8315889906405,0.5448106698426545,1.0930597720527444,1187.218176734718,False,False
robot2,1921,1722895161211621964,477319.5207824938,4428587.785879144,1624.817076757576,0.6002941321402018,1.1769086920505074,1187.8184708668582,False,False
robot2,1922,1722895161701971616,477319.5192264435,4428588.2631472815,1624.7966192978474,0.4772706736476665,0.9733270070556093,1188.2957415405058,False,False
robot2,1923,1722895162202083867,477319.5206519848,4428588.664877069,1624.7847638166818,0.40173231696414324,0.8032846070321411,1188.69747385747,False,False
robot2,1924,1722895162708296156,477319.5457480276,4428589.173257569,1624.7784622083032,0.508999551875303,1.0055057492827089,1189.2064734093453,False,False
robot2,1925,1722895163198368652,477319.5755147305,4428589.737842516,1624.748610721297,0.5653690999633951,1.153643823927588,1189.7718425093087,False,False
robot2,1926,1722895163702649328,477319.60799383454,4428590.267610212,1624.736376944168,0.5307623797229257,1.052514045310914,1190.3026048890317,False,False
robot2,1927,1722895164204497424,477319.6276840263,4428590.657499178,1624.7288543949098,0.3903858473568571,0.7778966161919363,1190.6929907363885,False,False
robot2,1928,1722895164704482114,477319.6615352933,4428591.079387366,1624.7137610464474,0.4232440797575691,0.8465139930720557,1191.116234816146,False,False
robot2,1929,1722895165206200759,477319.6832915973,4428591.592371756,1624.6989604738935,0.5134455390092275,1.0233732130792004,1191.6296803551552,False,False
robot2,1930,1722895165702012862,477319.7164955603,4428592.048896188,1624.682850357795,0.45773033535473084,0.9231930073133219,1192.0874106905098,False,False
robot2,1931,1722895166206144380,477319.7422948523,4428592.4545554295,1624.668280003236,0.40647881096419697,0.8062954971162533,1192.493889501474,False,False
robot2,1932,1722895166707310360,477319.78591123177,4428592.921570875,1624.6517842069088,0.4690477743746806,0.935912803044857,1192.9629372758488,False,False
robot2,1933,1722895167210441849,477319.81507222366,4428593.39638052,1624.6377524963289,0.4757042811183519,0.9454871847284338,1193.4386415569672,False,False
robot2,1934,1722895167702966563,477319.84603952087,4428593.820503392,1624.6174085878197,0.42525190641140936,0.8634124788914501,1193.8638934633786,False,False
robot2,1935,1722895168204992062,477319.8868052847,4428594.222235312,1624.6109936278222,0.4037949760021894,0.8043314376504938,1194.267688439381,False,False
robot2,1936,1722895168706468650,477319.9202980249,4428594.491857208,1624.5959222736187,0.2716941860776555,0.5417884424296797,1194.5393826254585,False,False
robot2,1937,1722895169203750124,477319.9630330706,4428594.792363437,1624.5861653683676,0.30352969796792717,0.6103779581952146,1194.8429123234264,False,False
robot2,1938,1722895169706138978,477320.01541177713,4428595.1636558045,1624.568431254894,0.37496873352028237,0.7463717272490246,1195.2178810569467,False,False
robot2,1939,1722895170208663811,477320.0419560487,4428595.385285857,1624.559765710119,0.22321397491257447,0.4441849466546241,1195.4410950318593,False,False
robot2,1940,1722895170703380574,477320.0958454018,4428595.538901308,1624.551946864167,0.1627936393345875,0.3290642487158355,1195.6038886711938,False,False
robot2,1941,1722895171210189792,477320.186865236,4428595.777829669,1624.5464010494727,0.25567825932480553,0.5044861890035288,1195.8595669305187,False,False
robot2,1942,1722895171702363138,477320.37245607504,4428596.146105235,1624.5210833423205,0.41239647435193766,0.8379088476670241,1196.2719634048706,False,False
robot2,1943,1722895172206146696,477320.51786170114,4428596.413811892,1624.5109085352954,0.3046467630085261,0.6047176704224487,1196.5766101678792,False,False
robot2,1944,1722895172703229546,477320.6433739848,4428596.646843497,1624.4908532229567,0.2646829462075641,0.5324726463848763,1196.8412931140867,False,False
robot2,1945,1722895173208164129,477320.7681518804,4428596.875191276,1624.483241648394,0.26021574035273354,0.5153452419314076,1197.1015088544395,False,False
robot2,1946,1722895173711861806,477321.12552403146,4428597.276826521,1624.4697383652065,0.5376111277753662,1.0673290715702755,1197.6391199822149,False,False
robot2,1947,1722895174210447874,477321.3340076773,4428597.515230597,1624.4677626893367,0.3167048055203109,0.635206050729723,1197.955824787735,False,False
robot2,1948,1722895174704714424,477321.5951323506,4428597.799736914,1624.4719173530418,0.38617345785080875,0.7813057606621365,1198.341998245586,False,False
robot2,1949,1722895175209406016,477322.0041128348,4428598.150850781,1624.4801073961844,0.5390231758437477,1.0680253636614645,1198.8810214214298,False,False
robot2,1950,1722895175701422448,477322.452232562,4428598.445068914,1624.474977984853,0.5360742484098943,1.0895451467715542,1199.4170956698397,False,False
robot2,1951,1722895176213391615,477322.81541294896,4428598.688075846,1624.4700162533804,0.43698096329207214,0.8535299732879588,1199.8540766331319,False,False
robot2,1952,1722895176701248187,477323.6319490561,4428598.903098304,1624.4568486077058,0.844373064253385,1.730781172929305,1200.6984496973853,False,False
robot2,1953,1722895177201767837,477324.3251440424,4428599.128013794,1624.457683789666,0.7287703800514623,1.456027212528256,1201.4272200774367,False,False
robot2,1954,1722895177710080749,477325.1577944444,4428599.195271579,1624.4371435601904,0.8353623773921115,1.6434017524915316,1202.2625824548288,False,False
robot2,1955,1722895178202781793,477325.9584225275,4428599.197335037,1624.4490692859365,0.8006307421313471,1.6249835953793605,1203.06321319696,False,False
robot2,1956,1722895178701819108,477326.6841174808,4428599.198172542,1624.435464667945,0.7256954366182198,1.4541901771233523,1203.7889086335783,False,False
robot2,1957,1722895179204454528,477327.54151940113,4428599.156972354,1624.420737419697,0.8583912327359579,1.7077816346272583,1204.6472998663144,False,False
robot2,1958,1722895179704660357,477328.421572877,4428599.160388947,1624.4257859304878,0.8800601078686905,1.7593953671821758,1205.5273599741831,False,False
robot2,1959,1722895180209977904,477329.3229586837,4428599.134448567,1624.4197049259087,0.9017589899184008,1.7845395813785656,1206.4291189641015,False,False
robot2,1960,1722895180663685671,477330.1251016316,4428599.125717815,1624.3952229755696,0.8021904605034011,1.7680777058243444,1207.231309424605,False,False
robot2,1961,1722895181200691008,477331.2049696092,4428599.154835419,1624.392164489867,1.0802604703849097,2.011637911091328,1208.3115698949898,False,False
robot2,1962,1722895181700987190,477332.11922386,4428599.198205011,1624.3543184533355,0.9152823370744139,1.8294811972968672,1209.2268522320642,False,False
robot2,1963,1722895182208079569,477333.0077559021,4428599.230960324,1624.331374573993,0.8891355916786509,1.7533992988481508,1210.115987823743,False,False
robot2,1964,1722895182706025992,477333.8860734139,4428599.248766814,1624.3063199031462,0.8784979923969645,1.7642417228036238,1210.9944858161398,False,False
robot2,1965,1722895183205718955,477334.7975503017,4428599.345437296,1624.2724606744932,0.9165889476755341,1.8343044632625416,1211.9110747638153,False,False
robot2,1966,1722895183707244437,477335.7818050696,4428599.421916642,1624.2208725764187,0.9872216258495131,1.9684369973378901,1212.898296389665,False,False
robot2,1967,1722895184203597382,477336.7173108737,4428599.481581538,1624.1960993586829,0.9374065336110922,1.8885896770624349,1213.835702923276,False,False
robot2,1968,1722895184704891482,477337.6145295906,4428599.506467066,1624.1764256968556,0.8975637667999986,1.7904932498855222,1214.7332666900759,False,False
robot2,1969,1722895185203099845,477338.58066592953,4428599.500859632,1624.1433356225052,0.9661526115183057,1.9392534798379795,1215.6994193015942,False,False
robot2,1970,1722895185702472641,477339.6060318744,4428599.518442966,1624.0964625701451,1.0255166963916584,2.053609766501419,1216.7249359979858,False,False
robot2,1971,1722895186201266888,477340.44073907257,4428599.521468202,1624.076685825568,0.8347126803148164,1.673460686008597,1217.5596486783006,False,False
robot2,1972,1722895186704483598,477341.2802470465,4428599.487878299,1624.0314487959258,0.8401796949621689,1.6696187158598612,1218.3998283732628,False,False
robot2,1973,1722895187203106704,477342.13685557735,4428599.442017637,1624.0042342953552,0.8578352845770413,1.7204072938716113,1219.2576636578399,False,False
robot2,1974,1722895187700939632,477342.9604794573,4428599.4428983,1623.9822764870653,0.8236243507543948,1.6544204929197763,1220.0812880085944,False,False
robot2,1975,1722895188207106264,477343.6859577276,4428599.466390306,1623.954749183078,0.7258585227753518,1.4340299071937916,1220.8071465313697,False,False
robot2,1976,1722895188722177268,477344.8446877202,4428599.490547773,1623.9098721096705,1.158981785412089,2.2501402256661684,1221.9661283167818,False,False
robot2,1977,1722895189204190359,477345.8763381192,4428599.487527292,1623.87313361643,1.0316548207276819,2.1403039709935645,1222.9977831375095,False,False
robot2,1978,1722895189704642986,477347.0309357384,4428599.4801646015,1623.858515501999,1.1546210943316382,2.3071541289819524,1224.152404231841,False,False
robot2,1979,1722895190202874754,477347.99505751807,4428599.461754594,1623.8283502968238,0.964297534161179,1.9354392156341136,1225.1167017660023,False,False
robot2,1980,1722895190713889445,477348.9117073348,4428599.4294385,1623.81192216902,0.9172192848299829,1.7948980429428203,1226.0339210508323,False,False
robot2,1981,1722895191201808820,477349.7472167048,4428599.412614984,1623.8005166017203,0.8356787289760397,1.7127395382217478,1226.8695997798084,False,False
robot2,1982,1722895191705687003,477350.5867259404,4428599.3934988575,1623.7685578755936,0.8397268501903671,1.6665277227036286,1227.7093266299987,False,False
robot2,1983,1722895192205074889,477351.46719539113,4428599.364364549,1623.7532149528165,0.8809513389625423,1.7640619620669236,1228.5902779689613,False,False
robot2,1984,1722895192704432221,477352.4297250016,4428599.337536665,1623.7322489520495,0.9629034149026265,1.9282866639482568,1229.553181383864,False,False
robot2,1985,1722895193206789054,477353.4170168998,4428599.292588373,1623.746782069526,0.9883145456506023,1.9673549561424635,1230.5414959295147,False,False
robot2,1986,1722895193702607521,477354.3983583237,4428599.26823508,1623.7057528216249,0.9816435570993011,1.9798440951618073,1231.523139486614,False,False
robot2,1987,1722895194202446509,477355.26489997696,4428599.25137091,1623.69811497843,0.8667057384287613,1.7339695811185658,1232.3898452250426,False,False
robot2,1988,1722895194703254265,477356.1066084767,4428599.228618262,1623.6820974552395,0.8420159627542424,1.6813165195428268,1233.2318611877968,False,False
robot2,1989,1722895195201541243,477356.993424854,4428599.223086981,1623.6719139575475,0.8868336270657013,1.7797648619983852,1234.1186948148625,False,False
robot2,1990,1722895195702426443,477357.9056911763,4428599.211734885,1623.649141710561,0.9123369513901978,1.8214490338806693,1235.0310317662527,False,False
robot2,1991,1722895196202633658,477358.752027035,4428599.1935769245,1623.6387468532034,0.8465306239259415,1.6923599821236641,1235.8775623901786,False,False
robot2,1992,1722895196701370643,477359.5875727442,4428599.172273701,1623.6238915894116,0.8358172404669058,1.6758673975774157,1236.7133796306455,False,False
robot2,1993,1722895197203480410,477360.43870830967,4428599.13690489,1623.5460801261534,0.8518701213569414,1.6965822685127754,1237.5652497520025,False,False
robot2,1994,1722895197715704857,477361.3197874588,4428599.059444267,1623.616680350838,0.8844775944458505,1.726737580114283,1238.4497273464483,False,False
robot2,1995,1722895198200353093,477362.077552166,4428599.019640456,1623.6007207804432,0.7588093929837638,1.565691821236915,1239.208536739432,False,False
robot2,1996,1722895198700920618,477362.7135863056,4428599.0248723775,1623.6008787291385,0.6360556577441748,1.2706686627450121,1239.8445923971763,False,False
robot2,1997,1722895199199878385,477363.3053524153,4428599.026796211,1623.592271649505,0.5917692368747256,1.1860104221610428,1240.436361634051,False,False
robot2,1998,1722895199704424317,477364.1088852507,4428599.049083862,1623.578818851417,0.8038418731145982,1.5931993697114626,1241.2402035071657,False,False
robot2,1999,1722895200208964962,477364.8518369621,4428599.083676107,1623.5606331192687,0.7437565924958242,1.4741261096824185,1241.9839600996615,False,False
robot2,2000,1722895200702552941,477365.5574762307,4428599.114507238,1623.5623157473449,0.7063124917966264,1.4309759023235544,1242.690272591458,False,False
robot2,2001,1722895201201976945,477366.4321544124,4428599.141502608,1623.5398758026372,0.8750946642679688,1.7522079396724926,1243.565367255726,False,False
robot2,2002,1722895201703487714,477367.27399401576,4428599.171434242,1623.536713102047,0.8423715454446217,1.6796676105958046,1244.4077388011706,False,False
robot2,2003,1722895202203765217,477368.0029807097,4428599.1965288725,1623.527998042196,0.7294184947107877,1.4580277279682543,1245.1371572958815,False,False
robot2,2004,1722895202701586602,477368.8096372966,4428599.21233044,1623.5069137689477,0.806811340211602,1.620683774539399,1245.9439686360931,False,False
robot2,2005,1722895203202115807,477369.7622654881,4428599.228752813,1623.4984034365714,0.9527697337698459,1.9035253442244366,1246.896738369863,False,False
robot2,2006,1722895203705258775,477370.67944039457,4428599.237182876,1623.4793404859229,0.9172136474217625,1.822967855926044,1247.8139520172847,False,False
robot2,2007,1722895204201518077,477371.639689982,4428599.216388657,1623.459750173913,0.9604747106057294,1.9354294820623452,1248.7744267278904,False,False
robot2,2008,1722895204711281840,477372.5766739992,4428599.191715907,1623.4529291613237,0.9373088034657265,1.8387114120267765,1249.7117355313562,False,False
robot2,2009,1722895205201229846,477373.4770755434,4428599.204559256,1623.4234259819043,0.9004931384341036,1.8379369108884784,1250.6122286697903,False,False
robot2,2010,1722895205706087890,477374.2597117949,4428599.206375316,1623.4088534315242,0.7826383585579164,1.5502147777280408,1251.3948670283482,False,False
robot2,2011,1722895206203306627,477375.1148611191,4428599.208970821,1623.3878894487348,0.8551532630327028,1.719872984943621,1252.250020291381,False,False
robot2,2012,1722895206701366214,477376.07896194456,4428599.236176408,1623.3651747244712,0.964484601034119,1.9364846556990356,1253.214504892415,False,False
robot2,2013,1722895207205972590,477377.0090778989,4428599.260437711,1623.3423571408084,0.9304323185518595,1.8438779229922901,1254.1449372109669,False,False
robot2,2014,1722895207705771773,477377.9104085714,4428599.287964705,1623.329802838208,0.9017509171566769,1.80422622552672,1255.0466881281236,False,False
robot2,2015,1722895208201137386,477378.76434932393,4428599.294321346,1623.3113429029677,0.8539644112477679,1.723907306758369,1255.9006525393713,False,False
robot2,2016,1722895208703626436,477379.5593617967,4428599.295056682,1623.306585762924,0.79501281284893,1.582149401299454,1256.6956653522202,False,False
robot2,2017,1722895209201058847,477380.465695502,4428599.283302562,1623.2922342041768,0.9064099208875591,1.822176827945,1257.6020752731079,False,False
robot2,2018,1722895209701680365,477381.3735341128,4428599.252789905,1623.2789199416848,0.908351234669826,1.8144469041354698,1258.5104265077778,False,False
robot2,2019,1722895210201609780,477382.3293339714,4428599.211425912,1623.25936795315,0.9566944912449781,1.9136599962356846,1259.4671209990227,False,False
robot2,2020,1722895210706152303,477383.32108860346,4428599.194696332,1623.2331884137643,0.9918957249144627,1.965930619477617,1260.459016723937,False,False
robot2,2021,1722895211201326812,477384.18084793305,4428599.190183219,1623.2276128055937,0.8597711747929625,1.736298861588724,1261.31878789873,False,False
robot2,2022,1722895211704641186,477385.0685917238,4428599.177734904,1623.2021422667317,0.8878310641961633,1.7639687965737612,1262.2066189629263,False,False
robot2,2023,1722895212206731535,477386.0510906101,4428599.158194205,1623.1938202451477,0.9826931873678034,1.9572044160053295,1263.1893121502942,False,False
robot2,2024,1722895212701134206,477387.0071854343,4428599.150791982,1623.1843724281337,0.9561234782877501,1.9338972902569176,1264.145435628582,False,False
robot2,2025,1722895213201458183,477388.1100853155,4428599.141695944,1623.1709159644695,1.1029373898184383,2.2044452001537445,1265.2483730184003,False,False
robot2,2026,1722895213704175962,477389.1967054861,4428599.095594605,1623.1423815081237,1.087597686918973,2.1634360888757236,1266.3359707053194,False,False
robot2,2027,1722895214204009206,477390.1684718351,4428599.098766226,1623.1282884264144,0.9717715246916176,1.9441910661007666,1267.307742230011,False,False
robot2,2028,1722895214702138280,477391.0635509298,4428599.111573006,1623.1229409726595,0.8951707096114663,1.7970655734831493,1268.2029129396224,False,False
robot2,2029,1722895215204432581,477391.9094094894,4428599.125287479,1623.1091356672969,0.8459697333243721,1.6842112880404159,1269.0488826729468,False,False
robot2,2030,1722895215705630710,477392.8050091628,4428599.136589704,1623.091942459196,0.8956709860574779,1.7870599856742908,1269.9445536590042,False,False
robot2,2031,1722895216201013911,477393.76925024943,4428599.131638264,1623.0859199048953,0.9642537995183641,1.9464803764075413,1270.9088074585227,False,False
robot2,2032,1722895216702776634,477394.592610348,4428599.146564119,1623.0637866455709,0.8234953752550205,1.6412050806296057,1271.7323028337778,False,False
robot2,2033,1722895217199615810,477395.38792238745,4428599.161098941,1623.0389975775013,0.7954448448160735,1.6010111331917247,1272.5277476785939,False,False
robot2,2034,1722895217700245193,477396.1598809872,4428599.1791008655,1623.0268581695684,0.772168471895993,1.542395299318814,1273.29991615049,False,False
robot2,2035,1722895218202982163,477396.9920174189,4428599.191552147,1623.0126657536491,0.8322295809420718,1.6553973667589486,1274.132145731432,False,False
robot2,2036,1722895218702686517,477397.7921978126,4428599.190550476,1623.0128152130285,0.800181020627425,1.6013088600769934,1274.9323267520595,False,False
robot2,2037,1722895219200904880,477398.5527962524,4428599.170898627,1622.990543268079,0.7608522733654003,1.5271463863998211,1275.6931790254248,False,False
robot2,2038,1722895219701854000,477399.3235407349,4428599.146203474,1622.9794494989185,0.7711400053165949,1.5393578649516308,1276.4643190307413,False,False
robot2,2039,1722895220202688716,477400.2051929653,4428599.1346990345,1622.9632359736186,0.8817272863505659,1.760515555900629,1277.3460463170918,False,False
robot2,2040,1722895220704121929,477400.9844706231,4428599.124732656,1622.953270982129,0.7793413864520894,1.5542279388528346,1278.125387703544,False,False
robot2,2041,1722895221206241314,477401.854659374,4428599.1013205405,1622.9351911433491,0.8705036412202195,1.733658162745345,1278.9958913447642,False,False
robot2,2042,1722895221701035821,477402.5023661392,4428599.084838903,1622.9221680080052,0.6479164283270201,1.3094660514666832,1279.6438077730913,False,False
robot2,2043,1722895222200236484,477403.11753327807,4428599.063345346,1622.9055084618365,0.6155425100902695,1.233055885109207,1280.2593502831817,False,False
robot2,2044,1722895222699802475,477403.7333749466,4428599.059429567,1622.8932735626868,0.6158541174573654,1.2327786818731252,1280.875204400639,False,False
robot2,2045,1722895223205008421,477404.4023895143,4428599.046573208,1622.8913824040585,0.669138085773916,1.324485968868086,1281.544342486413,False,False
robot2,2046,1722895223705080111,477405.1423663357,4428599.029961479,1622.877954448575,0.740163256151622,1.4801140745131227,1282.2845057425645,False,False
robot2,2047,1722895224204116175,477405.8648854335,4428599.009855285,1622.8810834531232,0.7227988002860373,1.4483898828178214,1283.0073045428505,False,False
robot2,2048,1722895224700024647,477406.6030793388,4428598.98201319,1622.852586717355,0.7387187719569447,1.4896271667012506,1283.7460233148074,False,False
robot2,2049,1722895225202121535,477407.3073939336,4428598.935289172,1622.8398496615096,0.7058627219760485,1.4058296995294888,1284.4518860367834,False,False
robot2,2050,1722895225699628601,477408.0129524231,4428598.890109556,1622.8309114685233,0.707003521805108,1.4210923390475907,1285.1588895585885,False,False
robot2,2051,1722895226201840438,477408.7722096666,4428598.831595531,1622.810182110485,0.7615086690215951,1.5163097624045019,1285.9203982276101,False,False
robot2,2052,1722895226705375277,477409.5519379426,4428598.789512384,1622.7996708530654,0.7808630966289174,1.5507629386494814,1286.701261324239,False,False
robot2,2053,1722895227205768111,477410.29629235895,4428598.793401714,1622.7950366432926,0.7443645773381935,1.48756018876877,1287.4456259015774,False,False
robot2,2054,1722895227700793769,477411.0386385049,4428598.801761211,1622.7739582930187,0.7423932122648854,1.499706601288192,1288.1880191138423,False,False
robot2,2055,1722895228206227645,477411.85380756255,4428598.785190708,1622.7407458236764,0.8153374602520832,1.6131431636331683,1289.0033565740944,False,False
robot2,2056,1722895228705071132,477412.6706655322,4428598.766819696,1622.7452763696583,0.817064524145945,1.6379177765930588,1289.8204210982403,False,False
robot2,2057,1722895229201175620,477413.4011099398,4428598.73272699,1622.7400593807445,0.7312395949324009,1.4739636055459833,1290.5516606931728,False,False
robot2,2058,1722895229703424676,477414.11140024685,4428598.695174647,1622.74004153463,0.7112822919370084,1.4161938616323104,1291.26294298511,False,False
robot2,2059,1722895230202972703,477414.96777506784,4428598.634355381,1622.7072463334805,0.8585317798809109,1.718617332909021,1292.1214747649908,False,False
robot2,2060,1722895230701966220,477415.7361062375,4428598.570882598,1622.6969224002398,0.7709484940642033,1.545006668852181,1292.892423259055,False,False
robot2,2061,1722895231204809993,477416.5083281599,4428598.501562437,1622.681837411284,0.7753270162681785,1.5418849676288493,1293.6677502753232,False,False
robot2,2062,1722895231702296721,477417.2690224655,4428598.4206735,1622.6700049969302,0.7649829061609249,1.5376947898972986,1294.432733181484,False,False
robot2,2063,1722895232201649231,477417.9082002984,4428598.340251794,1622.6531906013506,0.6442173179785873,1.2901054382501354,1295.0769504994628,False,False
robot2,2064,1722895232705473194,477418.6645517036,4428598.229024379,1622.6312131664497,0.7644860928453187,1.5173673734014064,1295.8414365923081,False,False
robot2,2065,1722895233201762949,477419.4740393782,4428598.108268327,1622.6137230569757,0.8184450618907222,1.6491267481789187,1296.659881654199,False,False
robot2,2066,1722895233703481464,477420.1799005689,4428597.953173944,1622.6040149181622,0.7226993069313824,1.4404484186678816,1297.3825809611303,False,False
robot2,2067,1722895234203503937,477420.5945397647,4428597.850138736,1622.596978882814,0.42724924426896577,0.8544601893312945,1297.8098302053993,False,False
robot2,2068,1722895234705158170,477421.0635279328,4428597.6889915485,1622.5910302113364,0.4959015203204694,0.9885322119082426,1298.3057317257199,False,False
robot2,2069,1722895235205039104,477421.6449190488,4428597.463639607,1622.583308073744,0.6235375910478723,1.2473725788936147,1298.9292693167677,False,False
robot2,2070,1722895235701905800,477422.1672071331,4428597.227335886,1622.587641580095,0.5732576134195594,1.1537447263935323,1299.5025269301873,False,False
robot2,2071,1722895236205944527,477422.75575445534,4428596.917336318,1622.593728141821,0.6651974766478668,1.319735260730997,1300.167724406835,False,False
robot2,2072,1722895236704598242,477423.2735063773,4428596.467555552,1622.5950380873107,0.6858351041492351,1.3753736762157172,1300.8535595109843,False,False
robot2,2073,1722895237203238294,477423.7414556814,4428595.988248005,1622.589050150883,0.6698598928222332,1.3433729571717332,1301.5234194038064,False,False
robot2,2074,1722895237710530379,477424.0715618643,4428595.653794411,1622.5888357002984,0.46992477960403695,0.9263401957725632,1301.9933441834105,False,False
robot2,2075,1722895238201365761,477424.4296967237,4428595.243743227,1622.5836677220882,0.544428646237845,1.1091877540142694,1302.5377728296482,False,False
robot2,2076,1722895238703659289,477424.807282744,4428594.7199401045,1622.5675508287652,0.6457096202478046,1.2855223265943576,1303.183482449896,False,False
robot2,2077,1722895239204224858,477425.1344660193,4428594.193798116,1622.5619667185988,0.6195758930897217,1.2377518174070847,1303.8030583429857,False,False
robot2,2078,1722895239703318145,477425.452853484,4428593.541676568,1622.5459579462492,0.725694902677951,1.4540258595465358,1304.5287532456637,False,False
robot2,2079,1722895240201826997,477425.6484965205,4428593.137146505,1622.5251800827343,0.4493559500023185,0.901400431737443,1304.978109195666,False,False
robot2,2080,1722895240705400098,477425.793717349,4428592.831784287,1622.5414198504395,0.33813484478573735,0.6714714341696411,1305.316244040452,False,False
robot2,2081,1722895241202553543,477425.9426665229,4428592.4904346345,1622.5443318942698,0.3724317942349534,0.7491283452994212,1305.6886758346868,False,False
robot2,2082,1722895241703498928,477426.1005809361,4428592.119046684,1622.544949278218,0.4035665637886487,0.8056096101051842,1306.0922423984755,False,False
robot2,2083,1722895242203440291,477426.2675916303,4428591.675104872,1622.545015269326,0.47431730353550167,0.9487458968061366,1306.566559702011,False,False
robot2,2084,1722895242701082120,477426.39062927634,4428591.325616348,1622.547031781449,0.37051382060422466,0.7445391830804015,1306.9370735226153,False,False
robot2,2085,1722895243161830343,477426.4996610696,4428591.02145914,1622.5476359636364,0.32310917496751895,0.701270624647721,1307.2601826975829,False,False
robot2,2086,1722895243703005899,477426.62254626193,4428590.637809501,1622.546260703598,0.40284961944685527,0.7443972281244498,1307.6630323170298,False,False
robot2,2087,1722895244215792708,477426.747878644,4428590.254396199,1622.546115492068,0.4033781922350068,0.786639454191361,1308.0664105092649,False,False
robot2,2088,1722895244703934316,477426.83447822806,4428589.932791151,1622.547869656565,0.3330604974395265,0.6823031280691622,1308.3994710067043,False,False
robot2,2089,1722895245201891703,477426.8925812064,4428589.610285789,1622.5475994441106,0.32769752032054333,0.6580833532130779,1308.7271685270248,False,False
robot2,2090,1722895245703623376,477426.9016746489,4428589.05469183,1622.556580952789,0.5556683705559338,1.10750064117372,1309.2828368975806,False,False
robot2,2091,1722895246203265273,477426.8092610769,4428588.495401455,1622.556396991937,0.5668738761355739,1.1345608764497024,1309.8497107737162,False,False
robot2,2092,1722895246702129990,477426.6372451151,4428588.014421865,1622.5640532542543,0.5108139160789853,1.023952920567271,1310.3605246897953,False,False
robot2,2093,1722895247202351039,477426.3649236847,4428587.505133074,1622.5602555147111,0.577524055511156,1.1545372226638946,1310.9380487453063,False,False
robot2,2094,1722895247703420797,477425.97658495465,4428586.929489169,1622.5586069883368,0.6943866891277067,1.3858090060015553,1311.632435434434,False,False
robot2,2095,1722895248202033074,477425.6109608475,4428586.366620337,1622.560929649507,0.6711946889230695,1.3461251338997282,1312.3036301233572,False,False
robot2,2096,1722895248659737884,477425.2794488504,4428585.882804953,1622.5664497600562,0.5864959762394788,1.2813848547834805,1312.8901260995967,False,False
robot2,2097,1722895249203100864,477425.0139874952,4428585.499396298,1622.5852434806875,0.46633885471051106,0.8582453603803879,1313.3564649543073,False,False
robot2,2098,1722895249701916241,477424.7424498088,4428585.1867533205,1622.601156905684,0.41409944043069913,0.8301658790823954,1313.770564394738,False,False
robot2,2099,1722895250203082545,477424.1333853107,4428584.672942477,1622.619502842908,0.7968444926505176,1.5899800588865107,1314.5674088873884,False,False
robot2,2100,1722895250703388724,477423.5310206673,4428584.1662596455,1622.6355587748253,0.7871281062671712,1.57329294990594,1315.3545369936555,False,False
robot2,2101,1722895251203776035,477423.0245470047,4428583.72093991,1622.6570815783448,0.6744073232464253,1.3477709548430965,1316.028944316902,False,False
robot2,2102,1722895251703997403,477422.6706588608,4428583.28406755,1622.6721591829307,0.5622226227974787,1.1239473574613925,1316.5911669396994,False,False
robot2,2103,1722895252201769715,477422.40222885495,4428582.79696977,1622.6858933485107,0.5561644672598585,1.1173066356577126,1317.1473314069592,False,False
robot2,2104,1722895252701523609,477422.1493831733,4428582.240027474,1622.681817151999,0.6116499489310115,1.22390217516227,1317.7589813558902,False,False
robot2,2105,1722895253202244811,477421.844755965,4428581.685030644,1622.6951281880374,0.633102849323546,1.2643825152411732,1318.3920842052137,False,False
robot2,2106,1722895253701615652,477421.5152008125,4428581.105344019,1622.695049777762,0.6668157029243394,1.3353117264196348,1319.058899908138,False,False
robot2,2107,1722895254203103796,477421.20363086887,4428580.507034419,1622.7499618450518,0.674574093018301,1.3451444744270602,1319.7334740011563,False,False
robot2,2108,1722895254703216990,477420.9407269157,4428580.090490958,1622.7855264148625,0.49257176512673845,0.9849209176269457,1320.226045766283,False,False
robot2,2109,1722895255201082314,477420.5756544219,4428579.521009453,1622.7874003456125,0.6764518537149632,1.3587035321540488,1320.902497619998,False,False
robot2,2110,1722895255706944841,477420.1139842196,4428578.788878968,1622.798611880345,0.8655370715445345,1.7110134141447715,1321.7680346915427,False,False
robot2,2111,1722895256203326085,477419.6905437848,4428578.157494323,1622.8104988785567,0.7602291571156576,1.5315420188075415,1322.5282638486583,False,False
robot2,2112,1722895256701624034,477419.27418530313,4428577.557554358,1622.84203803761,0.7302618349926872,1.4655124803324993,1323.258525683651,False,False
robot2,2113,1722895257202259859,477418.7246016433,4428576.918028894,1622.8689673451345,0.8432289238610386,1.6843158616366696,1324.101754607512,False,False
robot2,2114,1722895257702234634,477418.1625861232,4428576.318425919,1622.8882014861988,0.8218182112597434,1.6437202877189507,1324.9235728187718,False,False
robot2,2115,1722895258201547643,477417.5696504654,4428575.720720921,1622.9322016475971,0.8419168362832307,1.6861500513019085,1325.765489655055,False,False
robot2,2116,1722895258702566734,477416.93959903263,4428575.110135689,1622.9624500228567,0.877370578857907,1.7511722651123736,1326.6428602339129,False,False
robot2,2117,1722895259202326698,477416.2509359266,4428574.476040008,1623.0002837450952,0.9361272388347834,1.8731530257690483,1327.5789874727477,False,False
robot2,2118,1722895259704905600,477415.7444652336,4428573.883754784,1623.0536405937612,0.7793037589134758,1.5506095550863543,1328.3582912316613,False,False
robot2,2119,1722895260202608787,477415.12118823343,4428573.37548457,1623.1299428772163,0.8042467467602759,1.6159167714595093,1329.1625379784216,False,False
robot2,2120,1722895260705503702,477414.52766397054,4428572.820787204,1623.2200342595645,0.8123793559250266,1.6154059045698528,1329.9749173343466,False,False
robot2,2121,1722895261201910587,477414.0628329532,4428572.397790335,1623.2820029791944,0.62848566105478,1.2660698225019622,1330.6034029954014,False,False
robot2,2122,1722895261704333136,477413.45588131895,4428571.832053888,1623.316332903333,0.8297276747669063,1.6514538206642935,1331.4331306701683,False,False
robot2,2123,1722895262203680199,477412.7567402365,4428571.223554137,1623.411392531082,0.9268603991703255,1.856144143269522,1332.3599910693388,False,False
robot2,2124,1722895262703352766,477412.1692339264,4428570.724581432,1623.4804633575095,0.7708031040976403,1.5426161550092587,1333.1307941734365,False,False
robot2,2125,1722895263205816457,477411.6394338919,4428570.165307492,1623.5514471755864,0.7703735561565275,1.533192828457402,1333.901167729593,False,False
robot2,2126,1722895263705785353,477411.0116880458,4428569.564651338,1623.6332649688663,0.8688225723409995,1.7377536946268748,1334.769990301934,False,False
robot2,2127,1722895264204951947,477410.4080190786,4428568.997877183,1623.6942487248157,0.8280393497629105,1.6588432378694191,1335.598029651697,False,False
robot2,2128,1722895264703884263,477409.7479681326,4428568.418718108,1623.750014463358,0.878118719720052,1.7599955170259165,1336.4761483714171,False,False
robot2,2129,1722895265203947520,477409.190470365,4428567.949231345,1623.8079607466502,0.7288494915355704,1.457514808807981,1337.2049978629527,False,False
robot2,2130,1722895265705878413,477408.7806135279,4428567.5640822565,1623.8490012088373,0.5624255038748788,1.1205236528111944,1337.7674233668276,False,False
robot2,2131,1722895266206102247,477408.4415623637,4428567.193620061,1623.9180059458408,0.5021931208071944,1.003936728852132,1338.269616487635,False,False
robot2,2132,1722895266701724539,477407.9277570266,4428566.673650693,1623.9835283844016,0.7310020981261174,1.4749181130266966,1339.000618585761,False,False
robot2,2133,1722895267203762826,477407.3824924282,4428566.137259911,1624.042326292276,0.7648715929443695,1.5235318111361154,1339.7654901787055,False,False
robot2,2134,1722895267705741747,477406.7827027406,4428565.592089391,1624.094134717336,0.8105298049378734,1.6146691555875614,1340.5760199836434,False,False
robot2,2135,1722895268204192056,477406.27353223605,4428565.150722365,1624.105276284411,0.6738393389245871,1.3518693625137583,1341.249859322568,False,False
robot2,2136,1722895268706006198,477406.03974532825,4428564.9616734665,1624.1129107958243,0.3006589500564997,0.5991437686815786,1341.5505182726245,False,False
robot2,2137,1722895269203490911,477405.9508549399,4428564.877236632,1624.1129789667348,0.12260130592618816,0.24644249085063924,1341.6731195785505,False,False
robot2,2138,1722895269708707864,477405.6833776301,4428564.59808519,1624.1164566426912,0.38661303465371766,0.7652414249607258,1342.0597326132042,False,False
robot2,2139,1722895270205569372,477405.42740966624,4428564.367918343,1624.121334530293,0.3442330256032947,0.6928149088286504,1342.4039656388074,False,False
robot2,2140,1722895270707783376,477405.4427728286,4428564.380247211,1624.12245653927,0.019698419725015934,0.039223144200384266,1342.4236640585325,True,False
robot2,2141,1722895271202496076,477405.3631229284,4428564.295920082,1624.1261509258084,0.11599642770251047,0.2344723578348416,1342.539660486235,False,False
robot2,2142,1722895271703481201,477405.0717126069,4428564.011155885,1624.1268144045598,0.407444013048067,0.8132856166532271,1342.9471044992831,False,False
robot2,2143,1722895272206032697,477404.7742207113,4428563.708692247,1624.1326533573542,0.42424719213289724,0.8441864071001973,1343.371351691416,False,False
robot2,2144,1722895272709306232,477404.51816947415,4428563.442683917,1624.1543931531803,0.36921899728622604,0.733635253334322,1343.7405706887023,False,False
robot2,2145,1722895273160720456,477404.275426403,4428563.19061644,1624.1598449082546,0.34994601200044845,0.7752212896258093,1344.0905167007027,False,False
robot2,2146,1722895273705423641,477403.9613422476,4428562.761809315,1624.1786090764963,0.5315302507576015,0.9758161998806868,1344.6220469514603,False,False
robot2,2147,1722895274203265329,477403.5980070955,4428562.302324778,1624.1885862430445,0.5857802247925651,1.1766397761640397,1345.207827176253,False,False
robot2,2148,1722895274706235151,477403.2519880939,4428561.928658169,1624.2084265177025,0.5092699526181,1.0125255435229503,1345.717097128871,False,False
robot2,2149,1722895275202756112,477402.84248134086,4428561.502810738,1624.2238562771656,0.5907976091873492,1.1898743735618353,1346.3078947380584,False,False
robot2,2150,1722895275704796928,477402.38524446206,4428561.05393732,1624.2404210784396,0.6407440277302827,1.276278635675361,1346.9486387657887,False,False
robot2,2151,1722895276203789009,477401.9166929058,4428560.614031739,1624.2395423227406,0.6426954808443573,1.2879876316996755,1347.591334246633,False,False
robot2,2152,1722895276701257589,477401.37865238026,4428560.129998103,1624.2463289599175,0.7237238200856533,1.4548134434811681,1348.3150580667188,False,False
robot2,2153,1722895277209104000,477400.86580296495,4428559.6462066425,1624.2615289322691,0.7050309920987141,1.3882761676813187,1349.0200890588176,False,False
robot2,2154,1722895277701521903,477400.2775425386,4428559.10419413,1624.2631220948135,0.7998924259723255,1.6244173517360625,1349.8199814847899,False,False
robot2,2155,1722895278159369250,477399.6108287744,4428558.509755604,1624.279079381245,0.8932325589544037,1.9509396433009858,1350.7132140437443,False,False
robot2,2156,1722895278705446465,477398.7372052028,4428557.724776476,1624.3130312771568,1.174483025281139,2.1507635086358983,1351.8876970690255,False,False
robot2,2157,1722895279207041528,477398.1336759786,4428557.081072579,1624.3383615600203,0.8823844008916096,1.7591570194897155,1352.7700814699172,False,False
robot2,2158,1722895279704976837,477397.4162794888,4428556.349582922,1624.352039563866,1.0245656847793265,2.0576281594244406,1353.7946471546966,False,False
robot2,2159,1722895280201878615,477396.5374363789,4428555.655699046,1624.356168787111,1.1197499919201856,2.2534635682968234,1354.9143971466167,False,False
robot2,2160,1722895280706164465,477395.8714272468,4428555.027626819,1624.3823541059496,0.915446823591675,1.8153324331413623,1355.8298439702085,False,False
robot2,2161,1722895281211320246,477395.20860956085,4428554.409502916,1624.3881848068872,0.9063136566097202,1.7941269870178767,1356.736157626818,False,False
robot2,2162,1722895281706088460,477394.5592663573,4428553.716614518,1624.4229593833472,0.9496004042403747,1.9192836447753772,1357.6857580310584,False,False
robot2,2163,1722895282204980415,477393.87029662944,4428553.018574944,1624.427980446416,0.9807846519566509,1.965926463624628,1358.666542683015,False,False
robot2,2164,1722895282705458131,477393.21363924246,4428552.374000656,1624.4764709196108,0.9201494094890917,1.8385419420079954,1359.586692092504,False,False
robot2,2165,1722895283206341204,477392.5995715372,4428551.797576676,1624.472992683056,0.8422254755517896,1.6814819114164345,1360.4289175680558,False,False
robot2,2166,1722895283702993595,477391.895961494,4428551.202601383,1624.47993811701,0.9214459787840346,1.8553128946488673,1361.3503635468398,False,False
robot2,2167,1722895284204726241,477391.247581802,4428550.688185301,1624.487588802181,0.8276594294715539,1.649602695884354,1362.1780229763115,False,False
robot2,2168,1722895284705577955,477390.7345089948,4428550.193348329,1624.506383370494,0.7128164802151886,1.4232081849040148,1362.8908394565267,False,False
robot2,2169,1722895285202634793,477390.1003665756,4428549.624603205,1624.5243274177776,0.8518260520945194,1.713740129232227,1363.7426655086213,False,False
robot2,2170,1722895285704036579,477389.5499665222,4428549.069681923,1624.5308333361345,0.7815867504549533,1.5588029253859248,1364.5242522590763,False,False
robot2,2171,1722895286209717653,477389.0657471933,4428548.621531422,1624.5451853806037,0.6597781670572225,1.3047318716823244,1365.1840304261336,False,False
robot2,2172,1722895286708264812,477388.522330705,4428548.159754787,1624.549814698171,0.7131193034299774,1.4303957983228426,1365.8971497295636,False,False
robot2,2173,1722895287161646713,477388.348997237,4428548.024818035,1624.551354524221,0.21966433057227172,0.4845016414285287,1366.1168140601358,False,False
robot2,2174,1722895287703060421,477388.3810469098,4428548.046568247,1624.5546519209922,0.03873310258569567,0.07154066580572493,1366.1555471627214,True,False
robot2,2175,1722895288210653524,477388.15242718847,4428547.834172863,1624.5597010352024,0.3120557259635766,0.6147752839980898,1366.467602888685,False,False
robot2,2176,1722895288704080059,477387.85612811806,4428547.577691827,1624.563182832935,0.39188730619303525,0.7942160736471162,1366.859490194878,False,False
robot2,2177,1722895289207687323,477387.87541504303,4428547.6000221865,1624.5635922813992,0.029506447309183278,0.058590192964148094,1366.888996642187,True,False
robot2,2178,1722895289702036094,477387.8996466103,4428547.620658994,1624.5609631538678,0.03182839399186394,0.06438452289792215,1366.920825036179,True,False
robot2,2179,1722895290202881259,477387.8986349657,4428547.617385953,1624.5611958035026,0.003425816999783742,0.0068400683703516395,1366.9242508531788,True,False
robot2,2180,1722895290659945912,477387.8980063486,4428547.619630971,1624.560905107584,0.0023313657957466927,0.005100735541234602,1366.9265822189745,True,False
robot2,2181,1722895291216954172,477387.8970477778,4428547.617219453,1624.561225881287,0.002595048792400515,0.004658907343897214,1366.929177267767,True,False
robot2,2182,1722895291709874082,477387.8991102986,4428547.618268803,1624.5608387370537,0.002314114867113568,0.004694705255583988,1366.9314913826342,True,False
robot2,2183,1722895292205995983,477387.8988622252,4428547.619518351,1624.560430269233,0.0012739351428573496,0.0025677866377241004,1366.932765317777,True,False
robot2,2184,1722895292661643596,477387.8992431695,4428547.6186813405,1624.5602980779995,0.0009196221443324842,0.0020182755480347247,1366.9336849399212,True,False
robot2,2185,1722895293205151420,477387.89923705865,4428547.617776411,1624.5600198223085,0.0009049504569026475,0.0016650175691002704,1366.9345898903782,True,False
robot2,2186,1722895293705945311,477387.89851002034,4428547.619005045,1624.560111092942,0.0014276298063404566,0.002850734382864212,1366.9360175201846,True,False
robot2,2187,1722895294205796027,477387.89912381006,4428547.62109214,1624.559618494097,0.0021754775580333525,0.004352254264230218,1366.9381929977426,True,False
robot2,2188,1722895294704054350,477387.8999685462,4428547.621470286,1624.5606177123498,0.0009255124971277745,0.0018574951988126465,1366.9391185102397,True,False
robot2,2189,1722895295203279315,477387.8998349292,4428547.62057819,1624.5600469397575,0.0009020462629143052,0.001806893567903412,1366.9400205565025,True,False
robot2,2190,1722895295705028178,477387.899805464,4428547.619221276,1624.560154393531,0.0013572345176356012,0.002705007997795697,1366.9413777910202,True,False
robot2,2191,1722895296205374032,477387.9015442197,4428547.619137514,1624.5613484486466,0.0017407720249982988,0.0034791368674963606,1366.9431185630451,True,False
robot2,2192,1722895296705743850,477387.9003417423,4428547.620743915,1624.5616629579945,0.002006608130746685,0.004010250382842806,1366.945125171176,True,False
robot2,2193,1722895297201005429,477387.9021802333,4428547.620763878,1624.5609033250869,0.0018385993274643124,0.0037123814077664537,1366.9469637705033,True,False
robot2,2194,1722895297703517747,477387.8998507484,4428547.620119548,1624.5610127184168,0.002416952778784126,0.00480973706183802,1366.949380723282,True,False
robot2,2195,1722895298202916585,477387.90166246286,4428547.62082171,1624.5612881216357,0.0019430233518225473,0.0038907237678821316,1366.9513237466338,True,False
robot2,2196,1722895298704400777,477387.9018545393,4428547.624986152,1624.5601345935902,0.0041688696340651645,0.008313063507701213,1366.9554926162677,True,False
robot2,2197,1722895299204689540,477387.90117679647,4428547.620722129,1624.5612140587202,0.004317548933962765,0.008630110297315318,1366.9598101652018,True,False
robot2,2198,1722895299705577925,477387.9006852466,4428547.620189956,1624.5612550421738,0.0007244507891759331,0.0014463318873555594,1366.960534615991,True,False
robot2,2199,1722895300204083843,477387.9000014708,4428547.622559784,1624.561174019027,0.0024665020112456014,0.004947789692773859,1366.9630011180022,True,False
robot2,2200,1722895300666129864,477387.9008737589,4428547.618963309,1624.5608053421176,0.003700746061500953,0.0080094769754075,1366.9667018640637,True,False
robot2,2201,1722895301207840204,477387.9000997353,4428547.621506015,1624.5612433393828,0.002657906576275708,0.004906508515257487,1366.96935977064,True,False
robot2,2202,1722895301702876490,477387.90113163856,4428547.618166139,1624.561197915396,0.0034956533897255904,0.007061410696911478,1366.9728554240298,True,False
robot2,2203,1722895302163023125,477387.9010401022,4428547.621564162,1624.5609547507963,0.003399255300298508,0.007387330072390464,1366.9762546793302,True,False
robot2,2204,1722895302703726006,477387.9008206216,4428547.620812241,1624.5612189831122,0.0007832987218377045,0.0014486670824154489,1366.977037978052,True,False
robot2,2205,1722895303205379799,477387.9029215457,4428547.621617307,1624.5606820296332,0.0022498918818949156,0.0044849504962717205,1366.979287869934,True,False
robot2,2206,1722895303704276072,477387.8995861289,4428547.620118171,1624.5616182868107,0.0036568311670560115,0.007329841340481179,1366.9829447011011,True,False
robot2,2207,1722895304207947428,477387.8994344933,4428547.620813572,1624.560713509335,0.0007117413371963772,0.001413106494265991,1366.9836564424384,True,False
robot2,2208,1722895304704962650,477387.8994889354,4428547.621125552,1624.5611006671177,0.00031669462098936346,0.0006371932866780185,1366.9839731370594,True,False
robot2,2209,1722895305166057632,477387.8980941048,4428547.619688593,1624.5608049623224,0.0020025992492872153,0.004343134934431571,1366.9859757363085,True,False
robot2,2210,1722895305702549908,477387.9011249879,4428547.62179645,1624.5610460072276,0.0036917899354867423,0.006881349923883487,1366.989667526244,True,False
robot2,2211,1722895306210229361,477387.9003817564,4428547.620492869,1624.5607164732542,0.001500571698070195,0.0029557476987239887,1366.991168097942,True,False
robot2,2212,1722895306712698720,477387.8983015391,4428547.618933346,1624.5603945588284,0.002599887646863594,0.005174219413806131,1366.9937679855889,True,False
robot2,2213,1722895307213953174,477387.9004556281,4428547.620260332,1624.5604254674197,0.0025300178451000896,0.0050473712445668105,1366.996298003434,True,False
robot2,2214,1722895307701963890,477387.8993302173,4428547.620852269,1624.5605434737693,0.0012715893618962203,0.0026056603403835157,1366.997569592796,True,False
robot2,2215,1722895308203730678,477387.8992528263,4428547.6203947645,1624.561390399486,0.0004640042821347834,0.0009247406785043025,1366.9980335970781,True,False
robot2,2216,1722895308708696187,477387.89928659255,4428547.6217145,1624.5622310068688,0.001320167205931378,0.0026143708660505143,1366.999353764284,True,False
robot2,2217,1722895309205982318,477387.897175129,4428547.619521052,1624.5614145999546,0.003044584231513079,0.006122399853757647,1367.0023983485155,True,False
robot2,2218,1722895309667221408,477387.9002373287,4428547.61920972,1624.5613387318829,0.003077985505217128,0.006673293564009423,1367.0054763340206,True,False
robot2,2219,1722895310205058325,477387.8995834791,4428547.621541096,1624.560113031226,0.0024213289195971956,0.004501977113196836,1367.0078976629402,True,False
robot2,2220,1722895310705383734,477387.9013575816,4428547.622376002,1624.561421038603,0.0019607418309099036,0.003918932896113175,1367.0098584047712,True,False
robot2,2221,1722895311167028575,477387.900601187,4428547.620525412,1624.5596220336731,0.0019992039718051634,0.004330612244604485,1367.011857608743,True,False
robot2,2222,1722895311703804900,477387.90043892665,4428547.620145555,1624.5602332554245,0.0004130620180132735,0.0007695232283504627,1367.012270670761,True,False
robot2,2223,1722895312205791126,477387.89932563936,4428547.6211862005,1624.560557937956,0.0015239266473409192,0.003035793512770517,1367.0137945974084,True,False
robot2,2224,1722895312714713494,477387.9007361181,4428547.621268853,1624.5594272714254,0.0014128982991208402,0.002776255220639114,1367.0152074957075,True,False
robot2,2225,1722895313206321078,477387.90083691006,4428547.621329117,1624.5601018393145,0.00011743413095190465,0.00023887774554795526,1367.0153249298385,True,False
robot2,2226,1722895313711547093,477387.8999990669,4428547.620460976,1624.5599235508305,0.0012065029968278717,0.002388046623075456,1367.0165314328353,True,False
robot2,2227,1722895314214408766,477387.9005479943,4428547.62173835,1624.560643214944,0.0013903258237094632,0.0027648285348949846,1367.017921758659,True,False
robot2,2228,1722895314659635024,477387.9000359855,4428547.619957496,1624.5609846786067,0.001852995566040777,0.004161919485784671,1367.019774754225,True,False
robot2,2229,1722895315203492716,477387.90062753216,4428547.621545801,1624.5598436643656,0.0016948860450161222,0.003116413895088258,1367.02146964027,True,False
